# Inclination, Declination
#    Inc     Dec (degree)
	75.0	25.0

# dipping slab
#     X0        Y0       Z0       L       W       H(km)   Mgz
-0.25000	0.00000	-0.03100	0.16000	0.08000	0.02000	1.0
-0.21000	0.00000	-0.05100	0.16000	0.08000	0.02000	1.0
-0.17000	0.00000	-0.07100	0.16000	0.08000	0.02000	1.0
-0.13000	0.00000	-0.09100	0.16000	0.08000	0.02000	1.0
-0.09000	0.00000	-0.11100	0.16000	0.08000	0.02000	1.0
-0.05000	0.00000	-0.13100	0.16000	0.08000	0.02000	1.0
-0.01000	0.00000	-0.15100	0.16000	0.08000	0.02000	1.0
0.03000	0.00000	-0.17100	0.16000	0.08000	0.02000	1.0
# slab has acute dip-angle
0.07000	0.00000	-0.19100	0.16000	0.08000	0.02000	1.0
0.09000	0.00000	-0.21100	0.16000	0.08000	0.02000	1.0
0.11000	0.00000	-0.23100	0.16000	0.08000	0.02000	1.0
0.13000	0.00000	-0.25100	0.16000	0.08000	0.02000	1.0
0.15000	0.00000	-0.27100	0.16000	0.08000	0.02000	1.0
0.17000	0.00000	-0.29100	0.16000	0.08000	0.02000	1.0
0.19000	0.00000	-0.31100	0.16000	0.08000	0.02000	1.0
0.21000	0.00000	-0.33100	0.16000	0.08000	0.02000	1.0
