-0.490000 -0.490000 0.050000 4.327618
-0.470000 -0.490000 0.050000 -0.804824
-0.450000 -0.490000 0.050000 2.351975
-0.430000 -0.490000 0.050000 0.316268
-0.410000 -0.490000 0.050000 0.449890
-0.390000 -0.490000 0.050000 -1.266236
-0.370000 -0.490000 0.050000 0.653476
-0.350000 -0.490000 0.050000 -0.226885
-0.330000 -0.490000 0.050000 1.809260
-0.310000 -0.490000 0.050000 1.629087
-0.290000 -0.490000 0.050000 2.030962
-0.270000 -0.490000 0.050000 0.221887
-0.250000 -0.490000 0.050000 1.225800
-0.230000 -0.490000 0.050000 0.704684
-0.210000 -0.490000 0.050000 3.557969
-0.190000 -0.490000 0.050000 5.533892
-0.170000 -0.490000 0.050000 2.436178
-0.150000 -0.490000 0.050000 -0.351582
-0.130000 -0.490000 0.050000 2.749917
-0.110000 -0.490000 0.050000 0.010171
-0.090000 -0.490000 0.050000 2.339492
-0.070000 -0.490000 0.050000 3.866747
-0.050000 -0.490000 0.050000 1.542153
-0.030000 -0.490000 0.050000 2.493756
-0.010000 -0.490000 0.050000 1.384808
0.010000 -0.490000 0.050000 -0.763618
0.030000 -0.490000 0.050000 2.168723
0.050000 -0.490000 0.050000 -0.286744
0.070000 -0.490000 0.050000 2.326833
0.090000 -0.490000 0.050000 2.609854
0.110000 -0.490000 0.050000 1.912961
0.130000 -0.490000 0.050000 4.329818
0.150000 -0.490000 0.050000 0.169700
0.170000 -0.490000 0.050000 0.412123
0.190000 -0.490000 0.050000 4.886274
0.210000 -0.490000 0.050000 3.469291
0.230000 -0.490000 0.050000 1.772724
0.250000 -0.490000 0.050000 2.025482
0.270000 -0.490000 0.050000 2.712269
0.290000 -0.490000 0.050000 0.170341
0.310000 -0.490000 0.050000 3.359686
0.330000 -0.490000 0.050000 3.977874
0.350000 -0.490000 0.050000 2.568568
0.370000 -0.490000 0.050000 2.892470
0.390000 -0.490000 0.050000 1.672137
0.410000 -0.490000 0.050000 -1.042745
0.430000 -0.490000 0.050000 3.400943
0.450000 -0.490000 0.050000 -0.263548
0.470000 -0.490000 0.050000 -1.946066
0.490000 -0.490000 0.050000 0.109208
-0.490000 -0.470000 0.050000 0.483036
-0.470000 -0.470000 0.050000 0.290681
-0.450000 -0.470000 0.050000 1.061124
-0.430000 -0.470000 0.050000 -1.301829
-0.410000 -0.470000 0.050000 3.498169
-0.390000 -0.470000 0.050000 2.214680
-0.370000 -0.470000 0.050000 3.048547
-0.350000 -0.470000 0.050000 2.543282
-0.330000 -0.470000 0.050000 1.855325
-0.310000 -0.470000 0.050000 -1.735294
-0.290000 -0.470000 0.050000 2.565646
-0.270000 -0.470000 0.050000 -0.622620
-0.250000 -0.470000 0.050000 0.912862
-0.230000 -0.470000 0.050000 6.031346
-0.210000 -0.470000 0.050000 1.918480
-0.190000 -0.470000 0.050000 3.099994
-0.170000 -0.470000 0.050000 2.324187
-0.150000 -0.470000 0.050000 -0.395291
-0.130000 -0.470000 0.050000 3.524435
-0.110000 -0.470000 0.050000 1.835985
-0.090000 -0.470000 0.050000 1.216155
-0.070000 -0.470000 0.050000 2.682205
-0.050000 -0.470000 0.050000 1.600767
-0.030000 -0.470000 0.050000 -1.016408
-0.010000 -0.470000 0.050000 3.536804
0.010000 -0.470000 0.050000 2.197079
0.030000 -0.470000 0.050000 1.942990
0.050000 -0.470000 0.050000 7.326767
0.070000 -0.470000 0.050000 1.156387
0.090000 -0.470000 0.050000 1.278917
0.110000 -0.470000 0.050000 0.008804
0.130000 -0.470000 0.050000 3.257856
0.150000 -0.470000 0.050000 0.132812
0.170000 -0.470000 0.050000 1.239947
0.190000 -0.470000 0.050000 3.829385
0.210000 -0.470000 0.050000 1.342251
0.230000 -0.470000 0.050000 4.667264
0.250000 -0.470000 0.050000 2.960063
0.270000 -0.470000 0.050000 1.635585
0.290000 -0.470000 0.050000 2.086380
0.310000 -0.470000 0.050000 2.520361
0.330000 -0.470000 0.050000 2.389702
0.350000 -0.470000 0.050000 1.575669
0.370000 -0.470000 0.050000 0.750353
0.390000 -0.470000 0.050000 -2.723168
0.410000 -0.470000 0.050000 -0.363375
0.430000 -0.470000 0.050000 2.263918
0.450000 -0.470000 0.050000 5.644174
0.470000 -0.470000 0.050000 0.091678
0.490000 -0.470000 0.050000 3.868702
-0.490000 -0.450000 0.050000 3.462892
-0.470000 -0.450000 0.050000 -2.547415
-0.450000 -0.450000 0.050000 3.704188
-0.430000 -0.450000 0.050000 2.537426
-0.410000 -0.450000 0.050000 6.770044
-0.390000 -0.450000 0.050000 4.879343
-0.370000 -0.450000 0.050000 0.787285
-0.350000 -0.450000 0.050000 2.691326
-0.330000 -0.450000 0.050000 1.527153
-0.310000 -0.450000 0.050000 1.663021
-0.290000 -0.450000 0.050000 3.745879
-0.270000 -0.450000 0.050000 -0.892620
-0.250000 -0.450000 0.050000 -2.995747
-0.230000 -0.450000 0.050000 2.316413
-0.210000 -0.450000 0.050000 2.778903
-0.190000 -0.450000 0.050000 0.981862
-0.170000 -0.450000 0.050000 2.993650
-0.150000 -0.450000 0.050000 5.763428
-0.130000 -0.450000 0.050000 2.523410
-0.110000 -0.450000 0.050000 0.850052
-0.090000 -0.450000 0.050000 5.941472
-0.070000 -0.450000 0.050000 1.033121
-0.050000 -0.450000 0.050000 8.840396
-0.030000 -0.450000 0.050000 3.470908
-0.010000 -0.450000 0.050000 1.075185
0.010000 -0.450000 0.050000 3.682467
0.030000 -0.450000 0.050000 5.656844
0.050000 -0.450000 0.050000 4.791329
0.070000 -0.450000 0.050000 4.380798
0.090000 -0.450000 0.050000 -0.299385
0.110000 -0.450000 0.050000 4.338167
0.130000 -0.450000 0.050000 2.432762
0.150000 -0.450000 0.050000 4.431112
0.170000 -0.450000 0.050000 5.303387
0.190000 -0.450000 0.050000 1.461349
0.210000 -0.450000 0.050000 1.289205
0.230000 -0.450000 0.050000 2.245743
0.250000 -0.450000 0.050000 2.358815
0.270000 -0.450000 0.050000 -0.149238
0.290000 -0.450000 0.050000 2.391406
0.310000 -0.450000 0.050000 1.426665
0.330000 -0.450000 0.050000 7.011195
0.350000 -0.450000 0.050000 2.228036
0.370000 -0.450000 0.050000 1.341867
0.390000 -0.450000 0.050000 3.135992
0.410000 -0.450000 0.050000 0.947636
0.430000 -0.450000 0.050000 -0.465395
0.450000 -0.450000 0.050000 -0.392278
0.470000 -0.450000 0.050000 2.485174
0.490000 -0.450000 0.050000 5.904250
-0.490000 -0.430000 0.050000 -2.074989
-0.470000 -0.430000 0.050000 1.363605
-0.450000 -0.430000 0.050000 1.722073
-0.430000 -0.430000 0.050000 0.606240
-0.410000 -0.430000 0.050000 -3.106775
-0.390000 -0.430000 0.050000 2.751922
-0.370000 -0.430000 0.050000 -0.239154
-0.350000 -0.430000 0.050000 1.105209
-0.330000 -0.430000 0.050000 2.594203
-0.310000 -0.430000 0.050000 3.428875
-0.290000 -0.430000 0.050000 3.930017
-0.270000 -0.430000 0.050000 1.147001
-0.250000 -0.430000 0.050000 1.801246
-0.230000 -0.430000 0.050000 3.387813
-0.210000 -0.430000 0.050000 2.107424
-0.190000 -0.430000 0.050000 3.146357
-0.170000 -0.430000 0.050000 1.000346
-0.150000 -0.430000 0.050000 3.138590
-0.130000 -0.430000 0.050000 -1.426177
-0.110000 -0.430000 0.050000 2.962740
-0.090000 -0.430000 0.050000 2.036848
-0.070000 -0.430000 0.050000 1.986526
-0.050000 -0.430000 0.050000 0.601845
-0.030000 -0.430000 0.050000 6.822674
-0.010000 -0.430000 0.050000 4.800929
0.010000 -0.430000 0.050000 -0.713277
0.030000 -0.430000 0.050000 6.000115
0.050000 -0.430000 0.050000 1.360065
0.070000 -0.430000 0.050000 5.362042
0.090000 -0.430000 0.050000 3.365367
0.110000 -0.430000 0.050000 2.912031
0.130000 -0.430000 0.050000 3.783807
0.150000 -0.430000 0.050000 1.058266
0.170000 -0.430000 0.050000 -2.504219
0.190000 -0.430000 0.050000 5.628031
0.210000 -0.430000 0.050000 3.139523
0.230000 -0.430000 0.050000 1.742779
0.250000 -0.430000 0.050000 5.303150
0.270000 -0.430000 0.050000 0.786347
0.290000 -0.430000 0.050000 0.562621
0.310000 -0.430000 0.050000 3.284828
0.330000 -0.430000 0.050000 1.392072
0.350000 -0.430000 0.050000 -0.675702
0.370000 -0.430000 0.050000 -0.044631
0.390000 -0.430000 0.050000 1.704524
0.410000 -0.430000 0.050000 2.728466
0.430000 -0.430000 0.050000 2.654151
0.450000 -0.430000 0.050000 3.394680
0.470000 -0.430000 0.050000 1.650961
0.490000 -0.430000 0.050000 3.914300
-0.490000 -0.410000 0.050000 2.470699
-0.470000 -0.410000 0.050000 3.577227
-0.450000 -0.410000 0.050000 -2.149230
-0.430000 -0.410000 0.050000 0.870391
-0.410000 -0.410000 0.050000 1.552800
-0.390000 -0.410000 0.050000 -0.337573
-0.370000 -0.410000 0.050000 1.436601
-0.350000 -0.410000 0.050000 0.877125
-0.330000 -0.410000 0.050000 -1.300402
-0.310000 -0.410000 0.050000 2.160098
-0.290000 -0.410000 0.050000 3.702919
-0.270000 -0.410000 0.050000 2.765123
-0.250000 -0.410000 0.050000 2.075743
-0.230000 -0.410000 0.050000 6.625542
-0.210000 -0.410000 0.050000 6.310491
-0.190000 -0.410000 0.050000 0.289911
-0.170000 -0.410000 0.050000 4.586271
-0.150000 -0.410000 0.050000 3.603979
-0.130000 -0.410000 0.050000 2.508735
-0.110000 -0.410000 0.050000 2.852536
-0.090000 -0.410000 0.050000 4.795471
-0.070000 -0.410000 0.050000 1.354945
-0.050000 -0.410000 0.050000 4.363839
-0.030000 -0.410000 0.050000 4.760904
-0.010000 -0.410000 0.050000 2.044659
0.010000 -0.410000 0.050000 5.188921
0.030000 -0.410000 0.050000 5.539907
0.050000 -0.410000 0.050000 3.992347
0.070000 -0.410000 0.050000 2.107391
0.090000 -0.410000 0.050000 4.500960
0.110000 -0.410000 0.050000 4.916846
0.130000 -0.410000 0.050000 4.775374
0.150000 -0.410000 0.050000 3.162896
0.170000 -0.410000 0.050000 -2.091271
0.190000 -0.410000 0.050000 3.940885
0.210000 -0.410000 0.050000 4.816175
0.230000 -0.410000 0.050000 -0.397022
0.250000 -0.410000 0.050000 1.159549
0.270000 -0.410000 0.050000 2.478201
0.290000 -0.410000 0.050000 5.040581
0.310000 -0.410000 0.050000 4.925960
0.330000 -0.410000 0.050000 2.597712
0.350000 -0.410000 0.050000 2.694881
0.370000 -0.410000 0.050000 4.373002
0.390000 -0.410000 0.050000 2.301401
0.410000 -0.410000 0.050000 5.308857
0.430000 -0.410000 0.050000 -0.299590
0.450000 -0.410000 0.050000 -0.136117
0.470000 -0.410000 0.050000 4.383368
0.490000 -0.410000 0.050000 2.905292
-0.490000 -0.390000 0.050000 -0.529420
-0.470000 -0.390000 0.050000 -1.716457
-0.450000 -0.390000 0.050000 3.124779
-0.430000 -0.390000 0.050000 0.445433
-0.410000 -0.390000 0.050000 0.703392
-0.390000 -0.390000 0.050000 4.221256
-0.370000 -0.390000 0.050000 2.246066
-0.350000 -0.390000 0.050000 3.094256
-0.330000 -0.390000 0.050000 0.153163
-0.310000 -0.390000 0.050000 1.107692
-0.290000 -0.390000 0.050000 3.434377
-0.270000 -0.390000 0.050000 4.107361
-0.250000 -0.390000 0.050000 3.514301
-0.230000 -0.390000 0.050000 4.688078
-0.210000 -0.390000 0.050000 0.535519
-0.190000 -0.390000 0.050000 2.414675
-0.170000 -0.390000 0.050000 4.191510
-0.150000 -0.390000 0.050000 6.097000
-0.130000 -0.390000 0.050000 1.556324
-0.110000 -0.390000 0.050000 0.665224
-0.090000 -0.390000 0.050000 2.392671
-0.070000 -0.390000 0.050000 8.037659
-0.050000 -0.390000 0.050000 2.595725
-0.030000 -0.390000 0.050000 4.224771
-0.010000 -0.390000 0.050000 0.984036
0.010000 -0.390000 0.050000 5.436537
0.030000 -0.390000 0.050000 1.419381
0.050000 -0.390000 0.050000 5.132705
0.070000 -0.390000 0.050000 4.487038
0.090000 -0.390000 0.050000 4.049252
0.110000 -0.390000 0.050000 5.434712
0.130000 -0.390000 0.050000 3.938960
0.150000 -0.390000 0.050000 3.830716
0.170000 -0.390000 0.050000 5.123446
0.190000 -0.390000 0.050000 7.351499
0.210000 -0.390000 0.050000 2.850073
0.230000 -0.390000 0.050000 2.029802
0.250000 -0.390000 0.050000 6.076401
0.270000 -0.390000 0.050000 8.065153
0.290000 -0.390000 0.050000 6.408826
0.310000 -0.390000 0.050000 2.786943
0.330000 -0.390000 0.050000 4.939763
0.350000 -0.390000 0.050000 -0.606485
0.370000 -0.390000 0.050000 -0.879599
0.390000 -0.390000 0.050000 -1.879491
0.410000 -0.390000 0.050000 3.499558
0.430000 -0.390000 0.050000 0.767081
0.450000 -0.390000 0.050000 3.362886
0.470000 -0.390000 0.050000 0.781732
0.490000 -0.390000 0.050000 1.293259
-0.490000 -0.370000 0.050000 1.211001
-0.470000 -0.370000 0.050000 0.044233
-0.450000 -0.370000 0.050000 3.335277
-0.430000 -0.370000 0.050000 -1.956450
-0.410000 -0.370000 0.050000 2.595998
-0.390000 -0.370000 0.050000 -0.169518
-0.370000 -0.370000 0.050000 -1.199972
-0.350000 -0.370000 0.050000 1.802075
-0.330000 -0.370000 0.050000 -1.498259
-0.310000 -0.370000 0.050000 -1.176660
-0.290000 -0.370000 0.050000 1.206594
-0.270000 -0.370000 0.050000 6.272431
-0.250000 -0.370000 0.050000 3.752718
-0.230000 -0.370000 0.050000 2.684617
-0.210000 -0.370000 0.050000 -1.304441
-0.190000 -0.370000 0.050000 2.107792
-0.170000 -0.370000 0.050000 2.164958
-0.150000 -0.370000 0.050000 2.963823
-0.130000 -0.370000 0.050000 6.076739
-0.110000 -0.370000 0.050000 6.639526
-0.090000 -0.370000 0.050000 3.444989
-0.070000 -0.370000 0.050000 5.582962
-0.050000 -0.370000 0.050000 8.430373
-0.030000 -0.370000 0.050000 5.817224
-0.010000 -0.370000 0.050000 3.002830
0.010000 -0.370000 0.050000 2.609031
0.030000 -0.370000 0.050000 6.307198
0.050000 -0.370000 0.050000 5.562930
0.070000 -0.370000 0.050000 4.708261
0.090000 -0.370000 0.050000 4.036858
0.110000 -0.370000 0.050000 4.692406
0.130000 -0.370000 0.050000 1.043415
0.150000 -0.370000 0.050000 2.886024
0.170000 -0.370000 0.050000 8.950656
0.190000 -0.370000 0.050000 5.224699
0.210000 -0.370000 0.050000 8.552264
0.230000 -0.370000 0.050000 2.317642
0.250000 -0.370000 0.050000 7.256691
0.270000 -0.370000 0.050000 6.119937
0.290000 -0.370000 0.050000 3.248147
0.310000 -0.370000 0.050000 4.054644
0.330000 -0.370000 0.050000 3.558459
0.350000 -0.370000 0.050000 4.591478
0.370000 -0.370000 0.050000 3.507150
0.390000 -0.370000 0.050000 2.230963
0.410000 -0.370000 0.050000 -0.221426
0.430000 -0.370000 0.050000 2.794684
0.450000 -0.370000 0.050000 -0.722213
0.470000 -0.370000 0.050000 -0.474397
0.490000 -0.370000 0.050000 0.273875
-0.490000 -0.350000 0.050000 -4.631089
-0.470000 -0.350000 0.050000 -2.208932
-0.450000 -0.350000 0.050000 -1.784504
-0.430000 -0.350000 0.050000 -0.016950
-0.410000 -0.350000 0.050000 1.644515
-0.390000 -0.350000 0.050000 1.172737
-0.370000 -0.350000 0.050000 1.050641
-0.350000 -0.350000 0.050000 2.831429
-0.330000 -0.350000 0.050000 1.166153
-0.310000 -0.350000 0.050000 4.887170
-0.290000 -0.350000 0.050000 4.624642
-0.270000 -0.350000 0.050000 4.597895
-0.250000 -0.350000 0.050000 4.372059
-0.230000 -0.350000 0.050000 6.501782
-0.210000 -0.350000 0.050000 2.205982
-0.190000 -0.350000 0.050000 2.643747
-0.170000 -0.350000 0.050000 4.194448
-0.150000 -0.350000 0.050000 5.451090
-0.130000 -0.350000 0.050000 6.300045
-0.110000 -0.350000 0.050000 4.327955
-0.090000 -0.350000 0.050000 8.080392
-0.070000 -0.350000 0.050000 4.753563
-0.050000 -0.350000 0.050000 8.715021
-0.030000 -0.350000 0.050000 4.780447
-0.010000 -0.350000 0.050000 4.752586
0.010000 -0.350000 0.050000 6.211730
0.030000 -0.350000 0.050000 4.513334
0.050000 -0.350000 0.050000 1.637719
0.070000 -0.350000 0.050000 5.820929
0.090000 -0.350000 0.050000 4.267067
0.110000 -0.350000 0.050000 4.922700
0.130000 -0.350000 0.050000 4.552962
0.150000 -0.350000 0.050000 4.595811
0.170000 -0.350000 0.050000 4.376254
0.190000 -0.350000 0.050000 4.067377
0.210000 -0.350000 0.050000 4.753897
0.230000 -0.350000 0.050000 9.844682
0.250000 -0.350000 0.050000 5.858576
0.270000 -0.350000 0.050000 6.877655
0.290000 -0.350000 0.050000 3.075083
0.310000 -0.350000 0.050000 2.201203
0.330000 -0.350000 0.050000 6.014809
0.350000 -0.350000 0.050000 5.936577
0.370000 -0.350000 0.050000 -0.020469
0.390000 -0.350000 0.050000 4.112887
0.410000 -0.350000 0.050000 2.166612
0.430000 -0.350000 0.050000 6.146864
0.450000 -0.350000 0.050000 5.265810
0.470000 -0.350000 0.050000 3.049667
0.490000 -0.350000 0.050000 -0.679597
-0.490000 -0.330000 0.050000 0.173426
-0.470000 -0.330000 0.050000 2.553426
-0.450000 -0.330000 0.050000 0.675587
-0.430000 -0.330000 0.050000 0.775910
-0.410000 -0.330000 0.050000 2.602578
-0.390000 -0.330000 0.050000 0.741932
-0.370000 -0.330000 0.050000 0.292531
-0.350000 -0.330000 0.050000 4.986257
-0.330000 -0.330000 0.050000 5.034463
-0.310000 -0.330000 0.050000 6.820269
-0.290000 -0.330000 0.050000 5.334294
-0.270000 -0.330000 0.050000 8.841077
-0.250000 -0.330000 0.050000 7.089432
-0.230000 -0.330000 0.050000 5.513047
-0.210000 -0.330000 0.050000 2.215485
-0.190000 -0.330000 0.050000 5.868099
-0.170000 -0.330000 0.050000 7.694064
-0.150000 -0.330000 0.050000 4.690655
-0.130000 -0.330000 0.050000 5.627584
-0.110000 -0.330000 0.050000 8.207298
-0.090000 -0.330000 0.050000 11.060477
-0.070000 -0.330000 0.050000 3.943940
-0.050000 -0.330000 0.050000 7.109943
-0.030000 -0.330000 0.050000 6.373472
-0.010000 -0.330000 0.050000 6.384734
0.010000 -0.330000 0.050000 5.421141
0.030000 -0.330000 0.050000 7.212995
0.050000 -0.330000 0.050000 4.713069
0.070000 -0.330000 0.050000 4.890059
0.090000 -0.330000 0.050000 4.622940
0.110000 -0.330000 0.050000 3.750120
0.130000 -0.330000 0.050000 7.148512
0.150000 -0.330000 0.050000 4.829541
0.170000 -0.330000 0.050000 4.769932
0.190000 -0.330000 0.050000 8.683704
0.210000 -0.330000 0.050000 8.640924
0.230000 -0.330000 0.050000 5.039613
0.250000 -0.330000 0.050000 5.179450
0.270000 -0.330000 0.050000 7.403345
0.290000 -0.330000 0.050000 5.641859
0.310000 -0.330000 0.050000 8.273678
0.330000 -0.330000 0.050000 5.232971
0.350000 -0.330000 0.050000 1.830350
0.370000 -0.330000 0.050000 3.799853
0.390000 -0.330000 0.050000 6.132091
0.410000 -0.330000 0.050000 0.642548
0.430000 -0.330000 0.050000 1.942849
0.450000 -0.330000 0.050000 1.448136
0.470000 -0.330000 0.050000 1.382603
0.490000 -0.330000 0.050000 4.932195
-0.490000 -0.310000 0.050000 -2.374159
-0.470000 -0.310000 0.050000 0.337720
-0.450000 -0.310000 0.050000 -0.788924
-0.430000 -0.310000 0.050000 3.210821
-0.410000 -0.310000 0.050000 0.399397
-0.390000 -0.310000 0.050000 1.335836
-0.370000 -0.310000 0.050000 1.834821
-0.350000 -0.310000 0.050000 1.197339
-0.330000 -0.310000 0.050000 5.388781
-0.310000 -0.310000 0.050000 3.059470
-0.290000 -0.310000 0.050000 7.396920
-0.270000 -0.310000 0.050000 5.067467
-0.250000 -0.310000 0.050000 9.299055
-0.230000 -0.310000 0.050000 6.196315
-0.210000 -0.310000 0.050000 6.222036
-0.190000 -0.310000 0.050000 6.982418
-0.170000 -0.310000 0.050000 8.673215
-0.150000 -0.310000 0.050000 6.043981
-0.130000 -0.310000 0.050000 3.610578
-0.110000 -0.310000 0.050000 6.075370
-0.090000 -0.310000 0.050000 9.586364
-0.070000 -0.310000 0.050000 5.228604
-0.050000 -0.310000 0.050000 4.975741
-0.030000 -0.310000 0.050000 6.790880
-0.010000 -0.310000 0.050000 3.881496
0.010000 -0.310000 0.050000 9.728583
0.030000 -0.310000 0.050000 2.309596
0.050000 -0.310000 0.050000 6.287006
0.070000 -0.310000 0.050000 2.834259
0.090000 -0.310000 0.050000 6.268511
0.110000 -0.310000 0.050000 7.843856
0.130000 -0.310000 0.050000 8.614673
0.150000 -0.310000 0.050000 5.210468
0.170000 -0.310000 0.050000 9.881216
0.190000 -0.310000 0.050000 6.336182
0.210000 -0.310000 0.050000 7.094639
0.230000 -0.310000 0.050000 9.169446
0.250000 -0.310000 0.050000 7.290339
0.270000 -0.310000 0.050000 6.431798
0.290000 -0.310000 0.050000 6.758558
0.310000 -0.310000 0.050000 6.714311
0.330000 -0.310000 0.050000 2.553973
0.350000 -0.310000 0.050000 3.838288
0.370000 -0.310000 0.050000 4.485220
0.390000 -0.310000 0.050000 0.828764
0.410000 -0.310000 0.050000 3.190213
0.430000 -0.310000 0.050000 1.572368
0.450000 -0.310000 0.050000 1.510214
0.470000 -0.310000 0.050000 1.746379
0.490000 -0.310000 0.050000 4.515251
-0.490000 -0.290000 0.050000 2.708403
-0.470000 -0.290000 0.050000 1.262501
-0.450000 -0.290000 0.050000 1.984621
-0.430000 -0.290000 0.050000 2.856078
-0.410000 -0.290000 0.050000 3.757072
-0.390000 -0.290000 0.050000 2.048091
-0.370000 -0.290000 0.050000 2.265528
-0.350000 -0.290000 0.050000 6.709791
-0.330000 -0.290000 0.050000 2.395231
-0.310000 -0.290000 0.050000 5.697447
-0.290000 -0.290000 0.050000 5.407203
-0.270000 -0.290000 0.050000 8.899666
-0.250000 -0.290000 0.050000 4.924303
-0.230000 -0.290000 0.050000 6.243517
-0.210000 -0.290000 0.050000 12.415921
-0.190000 -0.290000 0.050000 4.111015
-0.170000 -0.290000 0.050000 8.110044
-0.150000 -0.290000 0.050000 4.625476
-0.130000 -0.290000 0.050000 10.802983
-0.110000 -0.290000 0.050000 4.262231
-0.090000 -0.290000 0.050000 4.308218
-0.070000 -0.290000 0.050000 4.977742
-0.050000 -0.290000 0.050000 6.014341
-0.030000 -0.290000 0.050000 7.381109
-0.010000 -0.290000 0.050000 6.419274
0.010000 -0.290000 0.050000 9.130565
0.030000 -0.290000 0.050000 6.263911
0.050000 -0.290000 0.050000 8.077360
0.070000 -0.290000 0.050000 8.435695
0.090000 -0.290000 0.050000 6.886345
0.110000 -0.290000 0.050000 9.616022
0.130000 -0.290000 0.050000 8.109435
0.150000 -0.290000 0.050000 8.973080
0.170000 -0.290000 0.050000 6.209674
0.190000 -0.290000 0.050000 7.133790
0.210000 -0.290000 0.050000 6.555627
0.230000 -0.290000 0.050000 7.723942
0.250000 -0.290000 0.050000 10.356203
0.270000 -0.290000 0.050000 3.732814
0.290000 -0.290000 0.050000 11.184170
0.310000 -0.290000 0.050000 7.750392
0.330000 -0.290000 0.050000 7.956011
0.350000 -0.290000 0.050000 8.216741
0.370000 -0.290000 0.050000 4.691620
0.390000 -0.290000 0.050000 5.292642
0.410000 -0.290000 0.050000 6.332181
0.430000 -0.290000 0.050000 5.020678
0.450000 -0.290000 0.050000 2.564392
0.470000 -0.290000 0.050000 0.275759
0.490000 -0.290000 0.050000 4.436692
-0.490000 -0.270000 0.050000 0.825838
-0.470000 -0.270000 0.050000 -2.009647
-0.450000 -0.270000 0.050000 0.728235
-0.430000 -0.270000 0.050000 -3.438054
-0.410000 -0.270000 0.050000 2.310223
-0.390000 -0.270000 0.050000 1.248976
-0.370000 -0.270000 0.050000 4.821775
-0.350000 -0.270000 0.050000 4.289991
-0.330000 -0.270000 0.050000 6.504770
-0.310000 -0.270000 0.050000 6.042120
-0.290000 -0.270000 0.050000 8.060717
-0.270000 -0.270000 0.050000 12.675135
-0.250000 -0.270000 0.050000 9.778578
-0.230000 -0.270000 0.050000 5.649324
-0.210000 -0.270000 0.050000 7.026288
-0.190000 -0.270000 0.050000 9.726090
-0.170000 -0.270000 0.050000 6.234989
-0.150000 -0.270000 0.050000 8.286300
-0.130000 -0.270000 0.050000 9.547490
-0.110000 -0.270000 0.050000 12.370535
-0.090000 -0.270000 0.050000 8.612032
-0.070000 -0.270000 0.050000 9.748269
-0.050000 -0.270000 0.050000 6.280789
-0.030000 -0.270000 0.050000 6.222621
-0.010000 -0.270000 0.050000 9.705342
0.010000 -0.270000 0.050000 5.224842
0.030000 -0.270000 0.050000 8.468131
0.050000 -0.270000 0.050000 9.058774
0.070000 -0.270000 0.050000 9.067134
0.090000 -0.270000 0.050000 11.672614
0.110000 -0.270000 0.050000 10.150836
0.130000 -0.270000 0.050000 4.635798
0.150000 -0.270000 0.050000 10.723699
0.170000 -0.270000 0.050000 6.601010
0.190000 -0.270000 0.050000 11.828820
0.210000 -0.270000 0.050000 9.198058
0.230000 -0.270000 0.050000 11.223418
0.250000 -0.270000 0.050000 10.546511
0.270000 -0.270000 0.050000 11.428115
0.290000 -0.270000 0.050000 9.467987
0.310000 -0.270000 0.050000 4.710667
0.330000 -0.270000 0.050000 5.710474
0.350000 -0.270000 0.050000 5.567627
0.370000 -0.270000 0.050000 8.995819
0.390000 -0.270000 0.050000 5.334783
0.410000 -0.270000 0.050000 6.979130
0.430000 -0.270000 0.050000 3.776148
0.450000 -0.270000 0.050000 7.905290
0.470000 -0.270000 0.050000 1.397388
0.490000 -0.270000 0.050000 -0.314370
-0.490000 -0.250000 0.050000 -0.602204
-0.470000 -0.250000 0.050000 -0.554646
-0.450000 -0.250000 0.050000 2.864380
-0.430000 -0.250000 0.050000 4.186351
-0.410000 -0.250000 0.050000 3.351631
-0.390000 -0.250000 0.050000 3.361901
-0.370000 -0.250000 0.050000 5.809036
-0.350000 -0.250000 0.050000 7.136079
-0.330000 -0.250000 0.050000 8.233412
-0.310000 -0.250000 0.050000 10.617650
-0.290000 -0.250000 0.050000 12.325412
-0.270000 -0.250000 0.050000 8.971306
-0.250000 -0.250000 0.050000 11.489487
-0.230000 -0.250000 0.050000 9.690123
-0.210000 -0.250000 0.050000 11.099450
-0.190000 -0.250000 0.050000 11.349376
-0.170000 -0.250000 0.050000 13.423960
-0.150000 -0.250000 0.050000 12.067912
-0.130000 -0.250000 0.050000 13.191910
-0.110000 -0.250000 0.050000 11.687035
-0.090000 -0.250000 0.050000 9.303916
-0.070000 -0.250000 0.050000 9.249747
-0.050000 -0.250000 0.050000 6.103616
-0.030000 -0.250000 0.050000 7.338867
-0.010000 -0.250000 0.050000 9.895062
0.010000 -0.250000 0.050000 10.256595
0.030000 -0.250000 0.050000 11.606502
0.050000 -0.250000 0.050000 7.639918
0.070000 -0.250000 0.050000 13.548783
0.090000 -0.250000 0.050000 7.546046
0.110000 -0.250000 0.050000 9.073837
0.130000 -0.250000 0.050000 10.286115
0.150000 -0.250000 0.050000 11.183924
0.170000 -0.250000 0.050000 11.795702
0.190000 -0.250000 0.050000 12.531099
0.210000 -0.250000 0.050000 12.471093
0.230000 -0.250000 0.050000 13.534463
0.250000 -0.250000 0.050000 11.412288
0.270000 -0.250000 0.050000 14.961199
0.290000 -0.250000 0.050000 13.582420
0.310000 -0.250000 0.050000 10.025900
0.330000 -0.250000 0.050000 15.324103
0.350000 -0.250000 0.050000 6.427705
0.370000 -0.250000 0.050000 9.174888
0.390000 -0.250000 0.050000 3.943511
0.410000 -0.250000 0.050000 3.871001
0.430000 -0.250000 0.050000 6.139950
0.450000 -0.250000 0.050000 2.304822
0.470000 -0.250000 0.050000 1.790696
0.490000 -0.250000 0.050000 2.969238
-0.490000 -0.230000 0.050000 -0.651998
-0.470000 -0.230000 0.050000 -1.305694
-0.450000 -0.230000 0.050000 -1.197824
-0.430000 -0.230000 0.050000 2.813338
-0.410000 -0.230000 0.050000 1.804218
-0.390000 -0.230000 0.050000 4.049021
-0.370000 -0.230000 0.050000 3.262204
-0.350000 -0.230000 0.050000 3.488796
-0.330000 -0.230000 0.050000 5.646656
-0.310000 -0.230000 0.050000 8.993856
-0.290000 -0.230000 0.050000 12.538501
-0.270000 -0.230000 0.050000 12.517302
-0.250000 -0.230000 0.050000 13.909026
-0.230000 -0.230000 0.050000 15.124461
-0.210000 -0.230000 0.050000 12.444992
-0.190000 -0.230000 0.050000 14.113367
-0.170000 -0.230000 0.050000 14.494299
-0.150000 -0.230000 0.050000 14.185543
-0.130000 -0.230000 0.050000 11.984048
-0.110000 -0.230000 0.050000 10.403744
-0.090000 -0.230000 0.050000 12.058031
-0.070000 -0.230000 0.050000 9.487560
-0.050000 -0.230000 0.050000 10.146226
-0.030000 -0.230000 0.050000 9.096927
-0.010000 -0.230000 0.050000 7.755619
0.010000 -0.230000 0.050000 13.331243
0.030000 -0.230000 0.050000 5.425549
0.050000 -0.230000 0.050000 7.135204
0.070000 -0.230000 0.050000 5.929925
0.090000 -0.230000 0.050000 11.201546
0.110000 -0.230000 0.050000 9.971488
0.130000 -0.230000 0.050000 10.057763
0.150000 -0.230000 0.050000 11.040620
0.170000 -0.230000 0.050000 13.997908
0.190000 -0.230000 0.050000 17.554634
0.210000 -0.230000 0.050000 12.324467
0.230000 -0.230000 0.050000 15.558533
0.250000 -0.230000 0.050000 17.524379
0.270000 -0.230000 0.050000 12.592800
0.290000 -0.230000 0.050000 11.592401
0.310000 -0.230000 0.050000 9.372311
0.330000 -0.230000 0.050000 12.494372
0.350000 -0.230000 0.050000 10.884442
0.370000 -0.230000 0.050000 8.290286
0.390000 -0.230000 0.050000 7.474514
0.410000 -0.230000 0.050000 5.397562
0.430000 -0.230000 0.050000 2.310821
0.450000 -0.230000 0.050000 3.032823
0.470000 -0.230000 0.050000 0.496093
0.490000 -0.230000 0.050000 2.389607
-0.490000 -0.210000 0.050000 0.627722
-0.470000 -0.210000 0.050000 1.869928
-0.450000 -0.210000 0.050000 4.650663
-0.430000 -0.210000 0.050000 -0.280748
-0.410000 -0.210000 0.050000 5.047376
-0.390000 -0.210000 0.050000 5.839737
-0.370000 -0.210000 0.050000 5.437313
-0.350000 -0.210000 0.050000 6.523075
-0.330000 -0.210000 0.050000 10.502233
-0.310000 -0.210000 0.050000 10.813102
-0.290000 -0.210000 0.050000 11.691450
-0.270000 -0.210000 0.050000 19.825814
-0.250000 -0.210000 0.050000 16.520510
-0.230000 -0.210000 0.050000 18.244399
-0.210000 -0.210000 0.050000 16.108929
-0.190000 -0.210000 0.050000 16.879864
-0.170000 -0.210000 0.050000 15.288234
-0.150000 -0.210000 0.050000 15.193299
-0.130000 -0.210000 0.050000 18.664118
-0.110000 -0.210000 0.050000 14.519161
-0.090000 -0.210000 0.050000 10.281247
-0.070000 -0.210000 0.050000 11.985172
-0.050000 -0.210000 0.050000 6.353348
-0.030000 -0.210000 0.050000 8.065460
-0.010000 -0.210000 0.050000 10.062961
0.010000 -0.210000 0.050000 9.281285
0.030000 -0.210000 0.050000 9.653278
0.050000 -0.210000 0.050000 7.651851
0.070000 -0.210000 0.050000 12.460815
0.090000 -0.210000 0.050000 12.279221
0.110000 -0.210000 0.050000 11.022465
0.130000 -0.210000 0.050000 13.656455
0.150000 -0.210000 0.050000 16.384598
0.170000 -0.210000 0.050000 18.940188
0.190000 -0.210000 0.050000 16.368813
0.210000 -0.210000 0.050000 16.942216
0.230000 -0.210000 0.050000 20.489830
0.250000 -0.210000 0.050000 18.911678
0.270000 -0.210000 0.050000 17.924413
0.290000 -0.210000 0.050000 15.688710
0.310000 -0.210000 0.050000 15.396835
0.330000 -0.210000 0.050000 11.132378
0.350000 -0.210000 0.050000 11.415040
0.370000 -0.210000 0.050000 9.121011
0.390000 -0.210000 0.050000 1.570611
0.410000 -0.210000 0.050000 8.492046
0.430000 -0.210000 0.050000 3.652961
0.450000 -0.210000 0.050000 4.005869
0.470000 -0.210000 0.050000 5.110380
0.490000 -0.210000 0.050000 2.142914
-0.490000 -0.190000 0.050000 1.633160
-0.470000 -0.190000 0.050000 2.307083
-0.450000 -0.190000 0.050000 0.308801
-0.430000 -0.190000 0.050000 3.803706
-0.410000 -0.190000 0.050000 3.933732
-0.390000 -0.190000 0.050000 3.897805
-0.370000 -0.190000 0.050000 6.932388
-0.350000 -0.190000 0.050000 10.561417
-0.330000 -0.190000 0.050000 11.526858
-0.310000 -0.190000 0.050000 15.449385
-0.290000 -0.190000 0.050000 13.559056
-0.270000 -0.190000 0.050000 19.301196
-0.250000 -0.190000 0.050000 21.812906
-0.230000 -0.190000 0.050000 23.873309
-0.210000 -0.190000 0.050000 24.504101
-0.190000 -0.190000 0.050000 20.176148
-0.170000 -0.190000 0.050000 23.602911
-0.150000 -0.190000 0.050000 17.566492
-0.130000 -0.190000 0.050000 20.096173
-0.110000 -0.190000 0.050000 15.020387
-0.090000 -0.190000 0.050000 13.464252
-0.070000 -0.190000 0.050000 14.608667
-0.050000 -0.190000 0.050000 7.767686
-0.030000 -0.190000 0.050000 9.330900
-0.010000 -0.190000 0.050000 10.289743
0.010000 -0.190000 0.050000 11.615916
0.030000 -0.190000 0.050000 8.911002
0.050000 -0.190000 0.050000 10.928075
0.070000 -0.190000 0.050000 11.717041
0.090000 -0.190000 0.050000 11.852271
0.110000 -0.190000 0.050000 11.500238
0.130000 -0.190000 0.050000 13.594513
0.150000 -0.190000 0.050000 18.860087
0.170000 -0.190000 0.050000 18.390762
0.190000 -0.190000 0.050000 21.236426
0.210000 -0.190000 0.050000 23.867805
0.230000 -0.190000 0.050000 21.612505
0.250000 -0.190000 0.050000 24.004216
0.270000 -0.190000 0.050000 22.741774
0.290000 -0.190000 0.050000 22.824483
0.310000 -0.190000 0.050000 17.692006
0.330000 -0.190000 0.050000 12.492688
0.350000 -0.190000 0.050000 13.132606
0.370000 -0.190000 0.050000 12.429369
0.390000 -0.190000 0.050000 9.043144
0.410000 -0.190000 0.050000 9.892545
0.430000 -0.190000 0.050000 5.131673
0.450000 -0.190000 0.050000 3.658745
0.470000 -0.190000 0.050000 -0.611785
0.490000 -0.190000 0.050000 -0.416670
-0.490000 -0.170000 0.050000 -5.820355
-0.470000 -0.170000 0.050000 -1.045903
-0.450000 -0.170000 0.050000 -0.184521
-0.430000 -0.170000 0.050000 1.367314
-0.410000 -0.170000 0.050000 2.204161
-0.390000 -0.170000 0.050000 5.162517
-0.370000 -0.170000 0.050000 5.285860
-0.350000 -0.170000 0.050000 10.245128
-0.330000 -0.170000 0.050000 14.864576
-0.310000 -0.170000 0.050000 17.854015
-0.290000 -0.170000 0.050000 22.356303
-0.270000 -0.170000 0.050000 26.335854
-0.250000 -0.170000 0.050000 33.477146
-0.230000 -0.170000 0.050000 28.671816
-0.210000 -0.170000 0.050000 31.250454
-0.190000 -0.170000 0.050000 28.598933
-0.170000 -0.170000 0.050000 21.152086
-0.150000 -0.170000 0.050000 21.062008
-0.130000 -0.170000 0.050000 19.989735
-0.110000 -0.170000 0.050000 16.703512
-0.090000 -0.170000 0.050000 12.892007
-0.070000 -0.170000 0.050000 12.780675
-0.050000 -0.170000 0.050000 10.462237
-0.030000 -0.170000 0.050000 11.706378
-0.010000 -0.170000 0.050000 8.612187
0.010000 -0.170000 0.050000 12.354744
0.030000 -0.170000 0.050000 7.222490
0.050000 -0.170000 0.050000 11.204365
0.070000 -0.170000 0.050000 9.259014
0.090000 -0.170000 0.050000 10.900998
0.110000 -0.170000 0.050000 12.789140
0.130000 -0.170000 0.050000 15.867585
0.150000 -0.170000 0.050000 21.503002
0.170000 -0.170000 0.050000 20.096522
0.190000 -0.170000 0.050000 26.813095
0.210000 -0.170000 0.050000 29.133238
0.230000 -0.170000 0.050000 32.753888
0.250000 -0.170000 0.050000 30.644213
0.270000 -0.170000 0.050000 29.601934
0.290000 -0.170000 0.050000 25.627214
0.310000 -0.170000 0.050000 19.288335
0.330000 -0.170000 0.050000 15.515134
0.350000 -0.170000 0.050000 17.247714
0.370000 -0.170000 0.050000 12.680095
0.390000 -0.170000 0.050000 8.802454
0.410000 -0.170000 0.050000 7.558688
0.430000 -0.170000 0.050000 5.005266
0.450000 -0.170000 0.050000 2.682383
0.470000 -0.170000 0.050000 0.676474
0.490000 -0.170000 0.050000 -1.063022
-0.490000 -0.150000 0.050000 -2.247463
-0.470000 -0.150000 0.050000 -1.070415
-0.450000 -0.150000 0.050000 0.439014
-0.430000 -0.150000 0.050000 2.518828
-0.410000 -0.150000 0.050000 1.474444
-0.390000 -0.150000 0.050000 6.833783
-0.370000 -0.150000 0.050000 9.819801
-0.350000 -0.150000 0.050000 12.495271
-0.330000 -0.150000 0.050000 16.326165
-0.310000 -0.150000 0.050000 21.248867
-0.290000 -0.150000 0.050000 29.521864
-0.270000 -0.150000 0.050000 33.694275
-0.250000 -0.150000 0.050000 36.006962
-0.230000 -0.150000 0.050000 46.143234
-0.210000 -0.150000 0.050000 36.348936
-0.190000 -0.150000 0.050000 33.073459
-0.170000 -0.150000 0.050000 32.105319
-0.150000 -0.150000 0.050000 27.728656
-0.130000 -0.150000 0.050000 21.043041
-0.110000 -0.150000 0.050000 18.942378
-0.090000 -0.150000 0.050000 16.633907
-0.070000 -0.150000 0.050000 11.469747
-0.050000 -0.150000 0.050000 12.088724
-0.030000 -0.150000 0.050000 10.950970
-0.010000 -0.150000 0.050000 9.705245
0.010000 -0.150000 0.050000 8.626157
0.030000 -0.150000 0.050000 9.520417
0.050000 -0.150000 0.050000 12.426676
0.070000 -0.150000 0.050000 17.267886
0.090000 -0.150000 0.050000 15.266952
0.110000 -0.150000 0.050000 14.252531
0.130000 -0.150000 0.050000 18.181433
0.150000 -0.150000 0.050000 16.397074
0.170000 -0.150000 0.050000 27.419504
0.190000 -0.150000 0.050000 31.168312
0.210000 -0.150000 0.050000 39.496061
0.230000 -0.150000 0.050000 40.159782
0.250000 -0.150000 0.050000 41.139614
0.270000 -0.150000 0.050000 38.804996
0.290000 -0.150000 0.050000 31.394913
0.310000 -0.150000 0.050000 28.442726
0.330000 -0.150000 0.050000 22.173585
0.350000 -0.150000 0.050000 14.196933
0.370000 -0.150000 0.050000 10.631195
0.390000 -0.150000 0.050000 9.865778
0.410000 -0.150000 0.050000 7.197972
0.430000 -0.150000 0.050000 4.864729
0.450000 -0.150000 0.050000 5.790441
0.470000 -0.150000 0.050000 4.540542
0.490000 -0.150000 0.050000 3.977823
-0.490000 -0.130000 0.050000 -0.618537
-0.470000 -0.130000 0.050000 -3.478672
-0.450000 -0.130000 0.050000 1.733168
-0.430000 -0.130000 0.050000 -1.784340
-0.410000 -0.130000 0.050000 5.130329
-0.390000 -0.130000 0.050000 6.843424
-0.370000 -0.130000 0.050000 9.040955
-0.350000 -0.130000 0.050000 16.496570
-0.330000 -0.130000 0.050000 19.667503
-0.310000 -0.130000 0.050000 31.505160
-0.290000 -0.130000 0.050000 34.505610
-0.270000 -0.130000 0.050000 46.115685
-0.250000 -0.130000 0.050000 51.857202
-0.230000 -0.130000 0.050000 47.760072
-0.210000 -0.130000 0.050000 50.550923
-0.190000 -0.130000 0.050000 42.617285
-0.170000 -0.130000 0.050000 37.460798
-0.150000 -0.130000 0.050000 35.476145
-0.130000 -0.130000 0.050000 25.137114
-0.110000 -0.130000 0.050000 21.087199
-0.090000 -0.130000 0.050000 15.228347
-0.070000 -0.130000 0.050000 13.793662
-0.050000 -0.130000 0.050000 10.425673
-0.030000 -0.130000 0.050000 12.449621
-0.010000 -0.130000 0.050000 10.814992
0.010000 -0.130000 0.050000 7.733775
0.030000 -0.130000 0.050000 9.210140
0.050000 -0.130000 0.050000 10.827015
0.070000 -0.130000 0.050000 10.867351
0.090000 -0.130000 0.050000 13.249740
0.110000 -0.130000 0.050000 15.857665
0.130000 -0.130000 0.050000 24.384553
0.150000 -0.130000 0.050000 25.206089
0.170000 -0.130000 0.050000 30.971423
0.190000 -0.130000 0.050000 41.288621
0.210000 -0.130000 0.050000 47.229593
0.230000 -0.130000 0.050000 49.287993
0.250000 -0.130000 0.050000 52.249591
0.270000 -0.130000 0.050000 47.824526
0.290000 -0.130000 0.050000 46.688749
0.310000 -0.130000 0.050000 33.861960
0.330000 -0.130000 0.050000 32.599399
0.350000 -0.130000 0.050000 20.210491
0.370000 -0.130000 0.050000 19.520873
0.390000 -0.130000 0.050000 11.387382
0.410000 -0.130000 0.050000 5.783539
0.430000 -0.130000 0.050000 6.795312
0.450000 -0.130000 0.050000 0.874636
0.470000 -0.130000 0.050000 1.865187
0.490000 -0.130000 0.050000 -0.395392
-0.490000 -0.110000 0.050000 -2.225189
-0.470000 -0.110000 0.050000 -4.412365
-0.450000 -0.110000 0.050000 1.137566
-0.430000 -0.110000 0.050000 1.751595
-0.410000 -0.110000 0.050000 -1.459256
-0.390000 -0.110000 0.050000 4.356778
-0.370000 -0.110000 0.050000 8.179145
-0.350000 -0.110000 0.050000 12.695340
-0.330000 -0.110000 0.050000 22.465365
-0.310000 -0.110000 0.050000 33.392435
-0.290000 -0.110000 0.050000 45.345950
-0.270000 -0.110000 0.050000 54.656555
-0.250000 -0.110000 0.050000 64.393086
-0.230000 -0.110000 0.050000 67.942767
-0.210000 -0.110000 0.050000 63.155630
-0.190000 -0.110000 0.050000 56.009609
-0.170000 -0.110000 0.050000 41.530048
-0.150000 -0.110000 0.050000 34.665532
-0.130000 -0.110000 0.050000 27.220600
-0.110000 -0.110000 0.050000 18.711711
-0.090000 -0.110000 0.050000 15.749654
-0.070000 -0.110000 0.050000 14.844513
-0.050000 -0.110000 0.050000 10.793697
-0.030000 -0.110000 0.050000 9.977885
-0.010000 -0.110000 0.050000 8.427080
0.010000 -0.110000 0.050000 8.928323
0.030000 -0.110000 0.050000 9.208411
0.050000 -0.110000 0.050000 4.890982
0.070000 -0.110000 0.050000 11.127733
0.090000 -0.110000 0.050000 15.534728
0.110000 -0.110000 0.050000 14.120923
0.130000 -0.110000 0.050000 18.702401
0.150000 -0.110000 0.050000 26.185562
0.170000 -0.110000 0.050000 36.057021
0.190000 -0.110000 0.050000 47.677123
0.210000 -0.110000 0.050000 59.328852
0.230000 -0.110000 0.050000 64.398972
0.250000 -0.110000 0.050000 66.318666
0.270000 -0.110000 0.050000 62.761855
0.290000 -0.110000 0.050000 53.572099
0.310000 -0.110000 0.050000 44.051488
0.330000 -0.110000 0.050000 33.151439
0.350000 -0.110000 0.050000 25.174228
0.370000 -0.110000 0.050000 16.829850
0.390000 -0.110000 0.050000 12.991368
0.410000 -0.110000 0.050000 8.438407
0.430000 -0.110000 0.050000 4.817831
0.450000 -0.110000 0.050000 -0.727083
0.470000 -0.110000 0.050000 1.724868
0.490000 -0.110000 0.050000 -1.727893
-0.490000 -0.090000 0.050000 -5.230947
-0.470000 -0.090000 0.050000 -0.804558
-0.450000 -0.090000 0.050000 -1.563814
-0.430000 -0.090000 0.050000 -4.350058
-0.410000 -0.090000 0.050000 0.959948
-0.390000 -0.090000 0.050000 3.330198
-0.370000 -0.090000 0.050000 9.527950
-0.350000 -0.090000 0.050000 17.983642
-0.330000 -0.090000 0.050000 25.994949
-0.310000 -0.090000 0.050000 35.952833
-0.290000 -0.090000 0.050000 57.587269
-0.270000 -0.090000 0.050000 70.935211
-0.250000 -0.090000 0.050000 79.460917
-0.230000 -0.090000 0.050000 81.741454
-0.210000 -0.090000 0.050000 79.421160
-0.190000 -0.090000 0.050000 68.393563
-0.170000 -0.090000 0.050000 53.605459
-0.150000 -0.090000 0.050000 39.417392
-0.130000 -0.090000 0.050000 27.063176
-0.110000 -0.090000 0.050000 18.756699
-0.090000 -0.090000 0.050000 11.742160
-0.070000 -0.090000 0.050000 11.051076
-0.050000 -0.090000 0.050000 9.318192
-0.030000 -0.090000 0.050000 7.783679
-0.010000 -0.090000 0.050000 7.267401
0.010000 -0.090000 0.050000 8.127215
0.030000 -0.090000 0.050000 4.928007
0.050000 -0.090000 0.050000 6.240969
0.070000 -0.090000 0.050000 7.081865
0.090000 -0.090000 0.050000 14.007019
0.110000 -0.090000 0.050000 11.177879
0.130000 -0.090000 0.050000 25.330562
0.150000 -0.090000 0.050000 29.752635
0.170000 -0.090000 0.050000 43.099826
0.190000 -0.090000 0.050000 54.783445
0.210000 -0.090000 0.050000 69.587649
0.230000 -0.090000 0.050000 85.997700
0.250000 -0.090000 0.050000 80.492528
0.270000 -0.090000 0.050000 75.935226
0.290000 -0.090000 0.050000 66.108446
0.310000 -0.090000 0.050000 50.681052
0.330000 -0.090000 0.050000 38.439031
0.350000 -0.090000 0.050000 25.426960
0.370000 -0.090000 0.050000 16.282074
0.390000 -0.090000 0.050000 8.150660
0.410000 -0.090000 0.050000 6.514728
0.430000 -0.090000 0.050000 3.405560
0.450000 -0.090000 0.050000 -0.669986
0.470000 -0.090000 0.050000 -3.472744
0.490000 -0.090000 0.050000 1.980533
-0.490000 -0.070000 0.050000 -0.956618
-0.470000 -0.070000 0.050000 -3.246041
-0.450000 -0.070000 0.050000 -3.378235
-0.430000 -0.070000 0.050000 -3.744385
-0.410000 -0.070000 0.050000 -1.016873
-0.390000 -0.070000 0.050000 1.082865
-0.370000 -0.070000 0.050000 4.082312
-0.350000 -0.070000 0.050000 10.388948
-0.330000 -0.070000 0.050000 25.405047
-0.310000 -0.070000 0.050000 44.869248
-0.290000 -0.070000 0.050000 64.546938
-0.270000 -0.070000 0.050000 79.777038
-0.250000 -0.070000 0.050000 98.726426
-0.230000 -0.070000 0.050000 105.803117
-0.210000 -0.070000 0.050000 92.587864
-0.190000 -0.070000 0.050000 76.706189
-0.170000 -0.070000 0.050000 57.308380
-0.150000 -0.070000 0.050000 42.951764
-0.130000 -0.070000 0.050000 29.009156
-0.110000 -0.070000 0.050000 22.468871
-0.090000 -0.070000 0.050000 11.063757
-0.070000 -0.070000 0.050000 9.648459
-0.050000 -0.070000 0.050000 7.240092
-0.030000 -0.070000 0.050000 9.190043
-0.010000 -0.070000 0.050000 6.208438
0.010000 -0.070000 0.050000 6.086149
0.030000 -0.070000 0.050000 8.390947
0.050000 -0.070000 0.050000 6.851643
0.070000 -0.070000 0.050000 4.484172
0.090000 -0.070000 0.050000 10.905703
0.110000 -0.070000 0.050000 12.985422
0.130000 -0.070000 0.050000 17.715770
0.150000 -0.070000 0.050000 29.469315
0.170000 -0.070000 0.050000 43.356288
0.190000 -0.070000 0.050000 64.562764
0.210000 -0.070000 0.050000 86.257830
0.230000 -0.070000 0.050000 97.463365
0.250000 -0.070000 0.050000 102.736476
0.270000 -0.070000 0.050000 94.598490
0.290000 -0.070000 0.050000 74.826330
0.310000 -0.070000 0.050000 55.544663
0.330000 -0.070000 0.050000 41.726517
0.350000 -0.070000 0.050000 25.596162
0.370000 -0.070000 0.050000 16.054921
0.390000 -0.070000 0.050000 7.729983
0.410000 -0.070000 0.050000 3.958547
0.430000 -0.070000 0.050000 2.023859
0.450000 -0.070000 0.050000 1.500189
0.470000 -0.070000 0.050000 0.773408
0.490000 -0.070000 0.050000 1.367624
-0.490000 -0.050000 0.050000 -8.296469
-0.470000 -0.050000 0.050000 -6.961659
-0.450000 -0.050000 0.050000 -7.607377
-0.430000 -0.050000 0.050000 -1.810345
-0.410000 -0.050000 0.050000 -2.931867
-0.390000 -0.050000 0.050000 0.274973
-0.370000 -0.050000 0.050000 1.069870
-0.350000 -0.050000 0.050000 7.937430
-0.330000 -0.050000 0.050000 22.762535
-0.310000 -0.050000 0.050000 41.718758
-0.290000 -0.050000 0.050000 60.508493
-0.270000 -0.050000 0.050000 89.368096
-0.250000 -0.050000 0.050000 108.353243
-0.230000 -0.050000 0.050000 116.667878
-0.210000 -0.050000 0.050000 100.830297
-0.190000 -0.050000 0.050000 78.823531
-0.170000 -0.050000 0.050000 57.734738
-0.150000 -0.050000 0.050000 39.885933
-0.130000 -0.050000 0.050000 25.572832
-0.110000 -0.050000 0.050000 15.182360
-0.090000 -0.050000 0.050000 12.497049
-0.070000 -0.050000 0.050000 7.124270
-0.050000 -0.050000 0.050000 2.804885
-0.030000 -0.050000 0.050000 2.570624
-0.010000 -0.050000 0.050000 5.350293
0.010000 -0.050000 0.050000 4.224173
0.030000 -0.050000 0.050000 3.220576
0.050000 -0.050000 0.050000 -0.000124
0.070000 -0.050000 0.050000 2.162614
0.090000 -0.050000 0.050000 6.475239
0.110000 -0.050000 0.050000 10.521017
0.130000 -0.050000 0.050000 16.737965
0.150000 -0.050000 0.050000 23.412409
0.170000 -0.050000 0.050000 39.550473
0.190000 -0.050000 0.050000 69.334998
0.210000 -0.050000 0.050000 91.480063
0.230000 -0.050000 0.050000 106.162179
0.250000 -0.050000 0.050000 115.138723
0.270000 -0.050000 0.050000 104.633310
0.290000 -0.050000 0.050000 79.992523
0.310000 -0.050000 0.050000 57.776634
0.330000 -0.050000 0.050000 38.660739
0.350000 -0.050000 0.050000 22.613943
0.370000 -0.050000 0.050000 13.747809
0.390000 -0.050000 0.050000 11.404776
0.410000 -0.050000 0.050000 3.082567
0.430000 -0.050000 0.050000 -0.631955
0.450000 -0.050000 0.050000 -1.578462
0.470000 -0.050000 0.050000 -2.818904
0.490000 -0.050000 0.050000 -5.962970
-0.490000 -0.030000 0.050000 -4.214871
-0.470000 -0.030000 0.050000 -6.931246
-0.450000 -0.030000 0.050000 -3.589318
-0.430000 -0.030000 0.050000 -8.212000
-0.410000 -0.030000 0.050000 -5.652403
-0.390000 -0.030000 0.050000 -3.478159
-0.370000 -0.030000 0.050000 -2.803811
-0.350000 -0.030000 0.050000 3.548387
-0.330000 -0.030000 0.050000 11.792948
-0.310000 -0.030000 0.050000 33.576697
-0.290000 -0.030000 0.050000 58.459318
-0.270000 -0.030000 0.050000 77.452203
-0.250000 -0.030000 0.050000 101.112815
-0.230000 -0.030000 0.050000 107.360549
-0.210000 -0.030000 0.050000 93.359773
-0.190000 -0.030000 0.050000 71.344528
-0.170000 -0.030000 0.050000 49.165806
-0.150000 -0.030000 0.050000 30.425926
-0.130000 -0.030000 0.050000 19.806586
-0.110000 -0.030000 0.050000 7.459627
-0.090000 -0.030000 0.050000 2.717182
-0.070000 -0.030000 0.050000 -0.863910
-0.050000 -0.030000 0.050000 1.613308
-0.030000 -0.030000 0.050000 1.228278
-0.010000 -0.030000 0.050000 -0.522765
0.010000 -0.030000 0.050000 0.545188
0.030000 -0.030000 0.050000 -1.625191
0.050000 -0.030000 0.050000 -0.201976
0.070000 -0.030000 0.050000 -3.100568
0.090000 -0.030000 0.050000 -2.249672
0.110000 -0.030000 0.050000 1.583632
0.130000 -0.030000 0.050000 6.940504
0.150000 -0.030000 0.050000 17.603785
0.170000 -0.030000 0.050000 35.319892
0.190000 -0.030000 0.050000 57.731606
0.210000 -0.030000 0.050000 84.977028
0.230000 -0.030000 0.050000 98.636563
0.250000 -0.030000 0.050000 104.198266
0.270000 -0.030000 0.050000 98.770308
0.290000 -0.030000 0.050000 73.608605
0.310000 -0.030000 0.050000 49.660035
0.330000 -0.030000 0.050000 29.198400
0.350000 -0.030000 0.050000 17.444474
0.370000 -0.030000 0.050000 10.168273
0.390000 -0.030000 0.050000 1.909525
0.410000 -0.030000 0.050000 1.083099
0.430000 -0.030000 0.050000 -1.906061
0.450000 -0.030000 0.050000 -1.974692
0.470000 -0.030000 0.050000 -0.577458
0.490000 -0.030000 0.050000 -0.888785
-0.490000 -0.010000 0.050000 -3.777247
-0.470000 -0.010000 0.050000 -2.922572
-0.450000 -0.010000 0.050000 -7.382037
-0.430000 -0.010000 0.050000 -9.056378
-0.410000 -0.010000 0.050000 -14.391293
-0.390000 -0.010000 0.050000 -9.768076
-0.370000 -0.010000 0.050000 -6.006005
-0.350000 -0.010000 0.050000 -4.164358
-0.330000 -0.010000 0.050000 2.804750
-0.310000 -0.010000 0.050000 14.498401
-0.290000 -0.010000 0.050000 33.955425
-0.270000 -0.010000 0.050000 56.457384
-0.250000 -0.010000 0.050000 76.675311
-0.230000 -0.010000 0.050000 75.831455
-0.210000 -0.010000 0.050000 70.130893
-0.190000 -0.010000 0.050000 51.773102
-0.170000 -0.010000 0.050000 35.228561
-0.150000 -0.010000 0.050000 18.756345
-0.130000 -0.010000 0.050000 9.919519
-0.110000 -0.010000 0.050000 3.405512
-0.090000 -0.010000 0.050000 1.610891
-0.070000 -0.010000 0.050000 -3.195250
-0.050000 -0.010000 0.050000 -1.206126
-0.030000 -0.010000 0.050000 0.058799
-0.010000 -0.010000 0.050000 -2.097168
0.010000 -0.010000 0.050000 -3.616319
0.030000 -0.010000 0.050000 -5.324543
0.050000 -0.010000 0.050000 -0.536576
0.070000 -0.010000 0.050000 0.512931
0.090000 -0.010000 0.050000 -4.245394
0.110000 -0.010000 0.050000 -6.119525
0.130000 -0.010000 0.050000 -1.605615
0.150000 -0.010000 0.050000 7.385742
0.170000 -0.010000 0.050000 14.571610
0.190000 -0.010000 0.050000 41.435113
0.210000 -0.010000 0.050000 59.750280
0.230000 -0.010000 0.050000 73.513694
0.250000 -0.010000 0.050000 78.548659
0.270000 -0.010000 0.050000 73.012648
0.290000 -0.010000 0.050000 58.146709
0.310000 -0.010000 0.050000 35.810874
0.330000 -0.010000 0.050000 20.846889
0.350000 -0.010000 0.050000 8.490695
0.370000 -0.010000 0.050000 2.354551
0.390000 -0.010000 0.050000 1.464222
0.410000 -0.010000 0.050000 -5.089967
0.430000 -0.010000 0.050000 0.451371
0.450000 -0.010000 0.050000 -2.808531
0.470000 -0.010000 0.050000 -6.417388
0.490000 -0.010000 0.050000 -1.736225
-0.490000 0.010000 0.050000 -4.228544
-0.470000 0.010000 0.050000 -7.839942
-0.450000 0.010000 0.050000 -11.741441
-0.430000 0.010000 0.050000 -12.243726
-0.410000 0.010000 0.050000 -11.334518
-0.390000 0.010000 0.050000 -12.905439
-0.370000 0.010000 0.050000 -12.462779
-0.350000 0.010000 0.050000 -12.714331
-0.330000 0.010000 0.050000 -6.622331
-0.310000 0.010000 0.050000 -1.922189
-0.290000 0.010000 0.050000 7.235935
-0.270000 0.010000 0.050000 24.703520
-0.250000 0.010000 0.050000 37.682792
-0.230000 0.010000 0.050000 39.975569
-0.210000 0.010000 0.050000 35.867069
-0.190000 0.010000 0.050000 24.285954
-0.170000 0.010000 0.050000 17.593287
-0.150000 0.010000 0.050000 3.937903
-0.130000 0.010000 0.050000 0.867495
-0.110000 0.010000 0.050000 -8.921085
-0.090000 0.010000 0.050000 -6.269299
-0.070000 0.010000 0.050000 -3.500217
-0.050000 0.010000 0.050000 -3.724399
-0.030000 0.010000 0.050000 -4.955794
-0.010000 0.010000 0.050000 -6.627845
0.010000 0.010000 0.050000 -7.119080
0.030000 0.010000 0.050000 -6.223077
0.050000 0.010000 0.050000 -8.608419
0.070000 0.010000 0.050000 -8.814571
0.090000 0.010000 0.050000 -9.635324
0.110000 0.010000 0.050000 -14.518049
0.130000 0.010000 0.050000 -9.536401
0.150000 0.010000 0.050000 -6.653674
0.170000 0.010000 0.050000 -3.690856
0.190000 0.010000 0.050000 13.852007
0.210000 0.010000 0.050000 25.894952
0.230000 0.010000 0.050000 36.862822
0.250000 0.010000 0.050000 40.336062
0.270000 0.010000 0.050000 35.423441
0.290000 0.010000 0.050000 26.829771
0.310000 0.010000 0.050000 11.298289
0.330000 0.010000 0.050000 3.262575
0.350000 0.010000 0.050000 0.620983
0.370000 0.010000 0.050000 -3.252007
0.390000 0.010000 0.050000 -5.568622
0.410000 0.010000 0.050000 -6.440283
0.430000 0.010000 0.050000 -2.161135
0.450000 0.010000 0.050000 -3.722057
0.470000 0.010000 0.050000 -3.923761
0.490000 0.010000 0.050000 -5.625343
-0.490000 0.030000 0.050000 -7.992996
-0.470000 0.030000 0.050000 -5.845886
-0.450000 0.030000 0.050000 -10.747254
-0.430000 0.030000 0.050000 -11.206530
-0.410000 0.030000 0.050000 -13.665582
-0.390000 0.030000 0.050000 -15.477879
-0.370000 0.030000 0.050000 -17.807622
-0.350000 0.030000 0.050000 -14.951519
-0.330000 0.030000 0.050000 -18.261757
-0.310000 0.030000 0.050000 -17.556533
-0.290000 0.030000 0.050000 -15.438503
-0.270000 0.030000 0.050000 -11.423456
-0.250000 0.030000 0.050000 -5.157325
-0.230000 0.030000 0.050000 1.631465
-0.210000 0.030000 0.050000 0.548306
-0.190000 0.030000 0.050000 -3.895443
-0.170000 0.030000 0.050000 -6.498224
-0.150000 0.030000 0.050000 -7.399112
-0.130000 0.030000 0.050000 -7.478754
-0.110000 0.030000 0.050000 -8.860998
-0.090000 0.030000 0.050000 -9.648191
-0.070000 0.030000 0.050000 -10.903121
-0.050000 0.030000 0.050000 -9.010721
-0.030000 0.030000 0.050000 -7.198539
-0.010000 0.030000 0.050000 -9.426926
0.010000 0.030000 0.050000 -9.518164
0.030000 0.030000 0.050000 -9.479078
0.050000 0.030000 0.050000 -8.580834
0.070000 0.030000 0.050000 -13.450677
0.090000 0.030000 0.050000 -16.559954
0.110000 0.030000 0.050000 -14.224476
0.130000 0.030000 0.050000 -13.963170
0.150000 0.030000 0.050000 -21.375246
0.170000 0.030000 0.050000 -16.222025
0.190000 0.030000 0.050000 -12.397107
0.210000 0.030000 0.050000 -3.772216
0.230000 0.030000 0.050000 -2.293768
0.250000 0.030000 0.050000 4.548963
0.270000 0.030000 0.050000 1.163671
0.290000 0.030000 0.050000 -2.420450
0.310000 0.030000 0.050000 -0.819765
0.330000 0.030000 0.050000 -6.036502
0.350000 0.030000 0.050000 -6.379862
0.370000 0.030000 0.050000 -7.321198
0.390000 0.030000 0.050000 -8.922290
0.410000 0.030000 0.050000 -6.910893
0.430000 0.030000 0.050000 -8.275183
0.450000 0.030000 0.050000 -7.156401
0.470000 0.030000 0.050000 -4.153722
0.490000 0.030000 0.050000 -4.741392
-0.490000 0.050000 0.050000 -4.676568
-0.470000 0.050000 0.050000 -7.546139
-0.450000 0.050000 0.050000 -9.917069
-0.430000 0.050000 0.050000 -11.799684
-0.410000 0.050000 0.050000 -14.986201
-0.390000 0.050000 0.050000 -16.199085
-0.370000 0.050000 0.050000 -22.896526
-0.350000 0.050000 0.050000 -24.953861
-0.330000 0.050000 0.050000 -26.096926
-0.310000 0.050000 0.050000 -27.653040
-0.290000 0.050000 0.050000 -28.681280
-0.270000 0.050000 0.050000 -28.276635
-0.250000 0.050000 0.050000 -27.868833
-0.230000 0.050000 0.050000 -25.169031
-0.210000 0.050000 0.050000 -22.232727
-0.190000 0.050000 0.050000 -23.423549
-0.170000 0.050000 0.050000 -16.747351
-0.150000 0.050000 0.050000 -17.178289
-0.130000 0.050000 0.050000 -17.229828
-0.110000 0.050000 0.050000 -17.685915
-0.090000 0.050000 0.050000 -14.562227
-0.070000 0.050000 0.050000 -13.225911
-0.050000 0.050000 0.050000 -7.707805
-0.030000 0.050000 0.050000 -10.288646
-0.010000 0.050000 0.050000 -13.701144
0.010000 0.050000 0.050000 -8.683439
0.030000 0.050000 0.050000 -12.409170
0.050000 0.050000 0.050000 -10.720289
0.070000 0.050000 0.050000 -17.626407
0.090000 0.050000 0.050000 -14.928644
0.110000 0.050000 0.050000 -19.677990
0.130000 0.050000 0.050000 -21.856640
0.150000 0.050000 0.050000 -27.380959
0.170000 0.050000 0.050000 -30.445643
0.190000 0.050000 0.050000 -27.841322
0.210000 0.050000 0.050000 -28.612365
0.230000 0.050000 0.050000 -25.741017
0.250000 0.050000 0.050000 -26.667366
0.270000 0.050000 0.050000 -23.043186
0.290000 0.050000 0.050000 -22.018115
0.310000 0.050000 0.050000 -15.894911
0.330000 0.050000 0.050000 -18.992872
0.350000 0.050000 0.050000 -15.763002
0.370000 0.050000 0.050000 -15.233190
0.390000 0.050000 0.050000 -11.159146
0.410000 0.050000 0.050000 -12.050377
0.430000 0.050000 0.050000 -7.907637
0.450000 0.050000 0.050000 -13.227221
0.470000 0.050000 0.050000 -6.112632
0.490000 0.050000 0.050000 -4.411797
-0.490000 0.070000 0.050000 -5.615380
-0.470000 0.070000 0.050000 -7.950260
-0.450000 0.070000 0.050000 -8.426664
-0.430000 0.070000 0.050000 -10.681104
-0.410000 0.070000 0.050000 -12.925956
-0.390000 0.070000 0.050000 -16.096331
-0.370000 0.070000 0.050000 -20.687620
-0.350000 0.070000 0.050000 -22.962153
-0.330000 0.070000 0.050000 -30.024968
-0.310000 0.070000 0.050000 -31.394649
-0.290000 0.070000 0.050000 -35.646868
-0.270000 0.070000 0.050000 -39.399412
-0.250000 0.070000 0.050000 -35.956402
-0.230000 0.070000 0.050000 -40.851399
-0.210000 0.070000 0.050000 -34.676267
-0.190000 0.070000 0.050000 -31.857914
-0.170000 0.070000 0.050000 -26.816702
-0.150000 0.070000 0.050000 -24.606267
-0.130000 0.070000 0.050000 -17.453714
-0.110000 0.070000 0.050000 -19.834994
-0.090000 0.070000 0.050000 -14.187225
-0.070000 0.070000 0.050000 -13.544485
-0.050000 0.070000 0.050000 -13.504591
-0.030000 0.070000 0.050000 -16.783550
-0.010000 0.070000 0.050000 -8.927046
0.010000 0.070000 0.050000 -12.534587
0.030000 0.070000 0.050000 -10.194290
0.050000 0.070000 0.050000 -11.053360
0.070000 0.070000 0.050000 -13.084714
0.090000 0.070000 0.050000 -17.556536
0.110000 0.070000 0.050000 -18.723777
0.130000 0.070000 0.050000 -24.221199
0.150000 0.070000 0.050000 -28.511967
0.170000 0.070000 0.050000 -29.000680
0.190000 0.070000 0.050000 -32.217455
0.210000 0.070000 0.050000 -31.024420
0.230000 0.070000 0.050000 -37.878161
0.250000 0.070000 0.050000 -36.322104
0.270000 0.070000 0.050000 -31.942980
0.290000 0.070000 0.050000 -29.994038
0.310000 0.070000 0.050000 -26.429837
0.330000 0.070000 0.050000 -22.348001
0.350000 0.070000 0.050000 -21.716921
0.370000 0.070000 0.050000 -15.179240
0.390000 0.070000 0.050000 -11.621568
0.410000 0.070000 0.050000 -12.426184
0.430000 0.070000 0.050000 -9.902680
0.450000 0.070000 0.050000 -4.360804
0.470000 0.070000 0.050000 -6.812681
0.490000 0.070000 0.050000 -5.797081
-0.490000 0.090000 0.050000 -9.617547
-0.470000 0.090000 0.050000 -8.898434
-0.450000 0.090000 0.050000 -11.843782
-0.430000 0.090000 0.050000 -10.801429
-0.410000 0.090000 0.050000 -12.471373
-0.390000 0.090000 0.050000 -13.215131
-0.370000 0.090000 0.050000 -16.996807
-0.350000 0.090000 0.050000 -25.399859
-0.330000 0.090000 0.050000 -24.561211
-0.310000 0.090000 0.050000 -30.066969
-0.290000 0.090000 0.050000 -33.528105
-0.270000 0.090000 0.050000 -38.106940
-0.250000 0.090000 0.050000 -40.110578
-0.230000 0.090000 0.050000 -39.254473
-0.210000 0.090000 0.050000 -35.947363
-0.190000 0.090000 0.050000 -31.884536
-0.170000 0.090000 0.050000 -32.965041
-0.150000 0.090000 0.050000 -25.979734
-0.130000 0.090000 0.050000 -20.861151
-0.110000 0.090000 0.050000 -19.793937
-0.090000 0.090000 0.050000 -19.419530
-0.070000 0.090000 0.050000 -12.988688
-0.050000 0.090000 0.050000 -13.008194
-0.030000 0.090000 0.050000 -11.920194
-0.010000 0.090000 0.050000 -14.466348
0.010000 0.090000 0.050000 -16.387053
0.030000 0.090000 0.050000 -14.076214
0.050000 0.090000 0.050000 -13.898043
0.070000 0.090000 0.050000 -14.011999
0.090000 0.090000 0.050000 -17.456348
0.110000 0.090000 0.050000 -21.621287
0.130000 0.090000 0.050000 -25.175446
0.150000 0.090000 0.050000 -29.180734
0.170000 0.090000 0.050000 -32.682695
0.190000 0.090000 0.050000 -39.705011
0.210000 0.090000 0.050000 -39.653405
0.230000 0.090000 0.050000 -37.423707
0.250000 0.090000 0.050000 -34.979390
0.270000 0.090000 0.050000 -34.820594
0.290000 0.090000 0.050000 -32.034130
0.310000 0.090000 0.050000 -28.006718
0.330000 0.090000 0.050000 -21.254142
0.350000 0.090000 0.050000 -19.419221
0.370000 0.090000 0.050000 -19.969571
0.390000 0.090000 0.050000 -10.887004
0.410000 0.090000 0.050000 -12.849889
0.430000 0.090000 0.050000 -8.123848
0.450000 0.090000 0.050000 -6.445811
0.470000 0.090000 0.050000 -9.067345
0.490000 0.090000 0.050000 -5.122010
-0.490000 0.110000 0.050000 -6.645683
-0.470000 0.110000 0.050000 -7.396979
-0.450000 0.110000 0.050000 -9.953918
-0.430000 0.110000 0.050000 -9.501516
-0.410000 0.110000 0.050000 -12.526879
-0.390000 0.110000 0.050000 -14.395013
-0.370000 0.110000 0.050000 -15.677834
-0.350000 0.110000 0.050000 -18.239013
-0.330000 0.110000 0.050000 -27.289635
-0.310000 0.110000 0.050000 -25.885793
-0.290000 0.110000 0.050000 -28.886596
-0.270000 0.110000 0.050000 -32.859322
-0.250000 0.110000 0.050000 -34.826241
-0.230000 0.110000 0.050000 -34.650047
-0.210000 0.110000 0.050000 -30.375474
-0.190000 0.110000 0.050000 -30.024035
-0.170000 0.110000 0.050000 -26.358459
-0.150000 0.110000 0.050000 -24.899523
-0.130000 0.110000 0.050000 -21.637162
-0.110000 0.110000 0.050000 -16.140475
-0.090000 0.110000 0.050000 -17.126346
-0.070000 0.110000 0.050000 -12.739427
-0.050000 0.110000 0.050000 -14.395347
-0.030000 0.110000 0.050000 -13.860846
-0.010000 0.110000 0.050000 -10.221729
0.010000 0.110000 0.050000 -11.949597
0.030000 0.110000 0.050000 -14.551333
0.050000 0.110000 0.050000 -15.967958
0.070000 0.110000 0.050000 -15.178573
0.090000 0.110000 0.050000 -18.872822
0.110000 0.110000 0.050000 -18.088339
0.130000 0.110000 0.050000 -23.213825
0.150000 0.110000 0.050000 -23.317985
0.170000 0.110000 0.050000 -24.757461
0.190000 0.110000 0.050000 -31.855108
0.210000 0.110000 0.050000 -32.792800
0.230000 0.110000 0.050000 -33.304492
0.250000 0.110000 0.050000 -31.509085
0.270000 0.110000 0.050000 -32.939502
0.290000 0.110000 0.050000 -28.121825
0.310000 0.110000 0.050000 -26.652008
0.330000 0.110000 0.050000 -21.917817
0.350000 0.110000 0.050000 -18.235667
0.370000 0.110000 0.050000 -18.290868
0.390000 0.110000 0.050000 -15.447554
0.410000 0.110000 0.050000 -9.770291
0.430000 0.110000 0.050000 -10.089508
0.450000 0.110000 0.050000 -7.461957
0.470000 0.110000 0.050000 -8.302359
0.490000 0.110000 0.050000 -7.182546
-0.490000 0.130000 0.050000 -5.015702
-0.470000 0.130000 0.050000 -5.323490
-0.450000 0.130000 0.050000 -11.204097
-0.430000 0.130000 0.050000 -11.904149
-0.410000 0.130000 0.050000 -13.051794
-0.390000 0.130000 0.050000 -11.922842
-0.370000 0.130000 0.050000 -14.674801
-0.350000 0.130000 0.050000 -16.586781
-0.330000 0.130000 0.050000 -20.095369
-0.310000 0.130000 0.050000 -19.461763
-0.290000 0.130000 0.050000 -27.156792
-0.270000 0.130000 0.050000 -31.685260
-0.250000 0.130000 0.050000 -23.520010
-0.230000 0.130000 0.050000 -26.753302
-0.210000 0.130000 0.050000 -28.099593
-0.190000 0.130000 0.050000 -26.670558
-0.170000 0.130000 0.050000 -22.994441
-0.150000 0.130000 0.050000 -24.228638
-0.130000 0.130000 0.050000 -18.361559
-0.110000 0.130000 0.050000 -16.951679
-0.090000 0.130000 0.050000 -13.563574
-0.070000 0.130000 0.050000 -14.395885
-0.050000 0.130000 0.050000 -15.044935
-0.030000 0.130000 0.050000 -12.473537
-0.010000 0.130000 0.050000 -13.215415
0.010000 0.130000 0.050000 -14.528152
0.030000 0.130000 0.050000 -11.828316
0.050000 0.130000 0.050000 -15.037996
0.070000 0.130000 0.050000 -15.984255
0.090000 0.130000 0.050000 -19.098585
0.110000 0.130000 0.050000 -20.607961
0.130000 0.130000 0.050000 -18.578447
0.150000 0.130000 0.050000 -21.770960
0.170000 0.130000 0.050000 -23.204128
0.190000 0.130000 0.050000 -27.912985
0.210000 0.130000 0.050000 -27.712167
0.230000 0.130000 0.050000 -26.482736
0.250000 0.130000 0.050000 -26.807756
0.270000 0.130000 0.050000 -26.042309
0.290000 0.130000 0.050000 -24.933706
0.310000 0.130000 0.050000 -20.434066
0.330000 0.130000 0.050000 -19.400809
0.350000 0.130000 0.050000 -16.674403
0.370000 0.130000 0.050000 -16.238917
0.390000 0.130000 0.050000 -12.555654
0.410000 0.130000 0.050000 -11.252483
0.430000 0.130000 0.050000 -8.144253
0.450000 0.130000 0.050000 -8.708642
0.470000 0.130000 0.050000 -9.969704
0.490000 0.130000 0.050000 -7.478734
-0.490000 0.150000 0.050000 -4.330396
-0.470000 0.150000 0.050000 -4.417998
-0.450000 0.150000 0.050000 -7.067184
-0.430000 0.150000 0.050000 -9.111903
-0.410000 0.150000 0.050000 -7.909033
-0.390000 0.150000 0.050000 -10.783047
-0.370000 0.150000 0.050000 -9.473053
-0.350000 0.150000 0.050000 -17.975378
-0.330000 0.150000 0.050000 -15.359120
-0.310000 0.150000 0.050000 -17.340356
-0.290000 0.150000 0.050000 -18.315563
-0.270000 0.150000 0.050000 -23.876547
-0.250000 0.150000 0.050000 -19.698890
-0.230000 0.150000 0.050000 -21.226447
-0.210000 0.150000 0.050000 -22.869867
-0.190000 0.150000 0.050000 -21.204194
-0.170000 0.150000 0.050000 -22.929114
-0.150000 0.150000 0.050000 -17.116016
-0.130000 0.150000 0.050000 -13.615491
-0.110000 0.150000 0.050000 -16.714728
-0.090000 0.150000 0.050000 -19.330250
-0.070000 0.150000 0.050000 -13.104650
-0.050000 0.150000 0.050000 -17.797283
-0.030000 0.150000 0.050000 -13.132013
-0.010000 0.150000 0.050000 -11.163522
0.010000 0.150000 0.050000 -12.763360
0.030000 0.150000 0.050000 -14.721353
0.050000 0.150000 0.050000 -14.887395
0.070000 0.150000 0.050000 -15.897403
0.090000 0.150000 0.050000 -15.472974
0.110000 0.150000 0.050000 -11.153802
0.130000 0.150000 0.050000 -19.585727
0.150000 0.150000 0.050000 -18.493784
0.170000 0.150000 0.050000 -15.564661
0.190000 0.150000 0.050000 -22.724353
0.210000 0.150000 0.050000 -20.661182
0.230000 0.150000 0.050000 -23.265525
0.250000 0.150000 0.050000 -22.929039
0.270000 0.150000 0.050000 -18.547912
0.290000 0.150000 0.050000 -18.875568
0.310000 0.150000 0.050000 -18.309162
0.330000 0.150000 0.050000 -16.528247
0.350000 0.150000 0.050000 -15.582268
0.370000 0.150000 0.050000 -13.927677
0.390000 0.150000 0.050000 -12.692320
0.410000 0.150000 0.050000 -8.145471
0.430000 0.150000 0.050000 -6.422032
0.450000 0.150000 0.050000 -5.125129
0.470000 0.150000 0.050000 -6.830659
0.490000 0.150000 0.050000 -6.708505
-0.490000 0.170000 0.050000 -8.950327
-0.470000 0.170000 0.050000 -3.829098
-0.450000 0.170000 0.050000 -8.348693
-0.430000 0.170000 0.050000 -9.413400
-0.410000 0.170000 0.050000 -6.701758
-0.390000 0.170000 0.050000 -11.781442
-0.370000 0.170000 0.050000 -10.525760
-0.350000 0.170000 0.050000 -13.140688
-0.330000 0.170000 0.050000 -13.998430
-0.310000 0.170000 0.050000 -14.494880
-0.290000 0.170000 0.050000 -14.798170
-0.270000 0.170000 0.050000 -18.645355
-0.250000 0.170000 0.050000 -21.902959
-0.230000 0.170000 0.050000 -18.257616
-0.210000 0.170000 0.050000 -21.463728
-0.190000 0.170000 0.050000 -19.110665
-0.170000 0.170000 0.050000 -16.756934
-0.150000 0.170000 0.050000 -17.621910
-0.130000 0.170000 0.050000 -12.196563
-0.110000 0.170000 0.050000 -12.001776
-0.090000 0.170000 0.050000 -14.886224
-0.070000 0.170000 0.050000 -13.869385
-0.050000 0.170000 0.050000 -11.478764
-0.030000 0.170000 0.050000 -13.624629
-0.010000 0.170000 0.050000 -13.643980
0.010000 0.170000 0.050000 -10.708088
0.030000 0.170000 0.050000 -10.778516
0.050000 0.170000 0.050000 -14.422171
0.070000 0.170000 0.050000 -10.574114
0.090000 0.170000 0.050000 -10.605726
0.110000 0.170000 0.050000 -12.353624
0.130000 0.170000 0.050000 -12.809312
0.150000 0.170000 0.050000 -16.514964
0.170000 0.170000 0.050000 -17.836550
0.190000 0.170000 0.050000 -15.952961
0.210000 0.170000 0.050000 -19.215368
0.230000 0.170000 0.050000 -18.456653
0.250000 0.170000 0.050000 -18.485786
0.270000 0.170000 0.050000 -14.618470
0.290000 0.170000 0.050000 -18.430768
0.310000 0.170000 0.050000 -13.834540
0.330000 0.170000 0.050000 -11.857031
0.350000 0.170000 0.050000 -9.857323
0.370000 0.170000 0.050000 -8.783178
0.390000 0.170000 0.050000 -9.487384
0.410000 0.170000 0.050000 -5.878957
0.430000 0.170000 0.050000 -8.044400
0.450000 0.170000 0.050000 -7.696746
0.470000 0.170000 0.050000 -7.196541
0.490000 0.170000 0.050000 -4.425511
-0.490000 0.190000 0.050000 -3.073161
-0.470000 0.190000 0.050000 -2.949144
-0.450000 0.190000 0.050000 -3.184504
-0.430000 0.190000 0.050000 -7.070736
-0.410000 0.190000 0.050000 -7.207216
-0.390000 0.190000 0.050000 -6.953148
-0.370000 0.190000 0.050000 -5.762519
-0.350000 0.190000 0.050000 -10.149951
-0.330000 0.190000 0.050000 -13.558273
-0.310000 0.190000 0.050000 -14.523736
-0.290000 0.190000 0.050000 -9.996159
-0.270000 0.190000 0.050000 -16.042379
-0.250000 0.190000 0.050000 -17.782328
-0.230000 0.190000 0.050000 -15.678909
-0.210000 0.190000 0.050000 -13.733731
-0.190000 0.190000 0.050000 -14.609452
-0.170000 0.190000 0.050000 -16.815629
-0.150000 0.190000 0.050000 -16.324195
-0.130000 0.190000 0.050000 -16.730453
-0.110000 0.190000 0.050000 -14.630705
-0.090000 0.190000 0.050000 -13.147742
-0.070000 0.190000 0.050000 -11.188668
-0.050000 0.190000 0.050000 -9.925154
-0.030000 0.190000 0.050000 -13.140363
-0.010000 0.190000 0.050000 -13.424605
0.010000 0.190000 0.050000 -12.022198
0.030000 0.190000 0.050000 -11.914255
0.050000 0.190000 0.050000 -11.746767
0.070000 0.190000 0.050000 -15.017847
0.090000 0.190000 0.050000 -14.977576
0.110000 0.190000 0.050000 -8.818516
0.130000 0.190000 0.050000 -14.042729
0.150000 0.190000 0.050000 -11.823825
0.170000 0.190000 0.050000 -17.199413
0.190000 0.190000 0.050000 -17.703065
0.210000 0.190000 0.050000 -13.847074
0.230000 0.190000 0.050000 -17.283533
0.250000 0.190000 0.050000 -14.351785
0.270000 0.190000 0.050000 -15.188485
0.290000 0.190000 0.050000 -12.727000
0.310000 0.190000 0.050000 -16.003674
0.330000 0.190000 0.050000 -15.320392
0.350000 0.190000 0.050000 -11.154344
0.370000 0.190000 0.050000 -11.445484
0.390000 0.190000 0.050000 -9.001863
0.410000 0.190000 0.050000 -9.456649
0.430000 0.190000 0.050000 -6.800590
0.450000 0.190000 0.050000 -2.898838
0.470000 0.190000 0.050000 -10.280464
0.490000 0.190000 0.050000 -3.307426
-0.490000 0.210000 0.050000 -6.100078
-0.470000 0.210000 0.050000 -7.128211
-0.450000 0.210000 0.050000 -4.239105
-0.430000 0.210000 0.050000 -7.688782
-0.410000 0.210000 0.050000 -7.761308
-0.390000 0.210000 0.050000 -5.917469
-0.370000 0.210000 0.050000 -10.395225
-0.350000 0.210000 0.050000 -6.351835
-0.330000 0.210000 0.050000 -8.977510
-0.310000 0.210000 0.050000 -9.354881
-0.290000 0.210000 0.050000 -11.303323
-0.270000 0.210000 0.050000 -13.891055
-0.250000 0.210000 0.050000 -10.624497
-0.230000 0.210000 0.050000 -17.592858
-0.210000 0.210000 0.050000 -13.076265
-0.190000 0.210000 0.050000 -14.702017
-0.170000 0.210000 0.050000 -12.055685
-0.150000 0.210000 0.050000 -15.262484
-0.130000 0.210000 0.050000 -12.280284
-0.110000 0.210000 0.050000 -11.556906
-0.090000 0.210000 0.050000 -9.147297
-0.070000 0.210000 0.050000 -12.037355
-0.050000 0.210000 0.050000 -10.116746
-0.030000 0.210000 0.050000 -8.081588
-0.010000 0.210000 0.050000 -8.008610
0.010000 0.210000 0.050000 -12.592829
0.030000 0.210000 0.050000 -11.628406
0.050000 0.210000 0.050000 -11.846630
0.070000 0.210000 0.050000 -15.090111
0.090000 0.210000 0.050000 -8.520119
0.110000 0.210000 0.050000 -11.224079
0.130000 0.210000 0.050000 -6.900280
0.150000 0.210000 0.050000 -11.234027
0.170000 0.210000 0.050000 -10.257601
0.190000 0.210000 0.050000 -12.015160
0.210000 0.210000 0.050000 -13.310554
0.230000 0.210000 0.050000 -11.551898
0.250000 0.210000 0.050000 -11.650814
0.270000 0.210000 0.050000 -12.270515
0.290000 0.210000 0.050000 -11.530357
0.310000 0.210000 0.050000 -9.057793
0.330000 0.210000 0.050000 -10.714968
0.350000 0.210000 0.050000 -11.959574
0.370000 0.210000 0.050000 -7.417727
0.390000 0.210000 0.050000 -5.102404
0.410000 0.210000 0.050000 -6.970508
0.430000 0.210000 0.050000 -4.783184
0.450000 0.210000 0.050000 -7.143999
0.470000 0.210000 0.050000 -4.007561
0.490000 0.210000 0.050000 -2.183928
-0.490000 0.230000 0.050000 -2.150383
-0.470000 0.230000 0.050000 -1.407991
-0.450000 0.230000 0.050000 -6.347085
-0.430000 0.230000 0.050000 -2.334835
-0.410000 0.230000 0.050000 -0.974488
-0.390000 0.230000 0.050000 -7.779361
-0.370000 0.230000 0.050000 -5.336338
-0.350000 0.230000 0.050000 -5.978542
-0.330000 0.230000 0.050000 -6.795368
-0.310000 0.230000 0.050000 -7.544896
-0.290000 0.230000 0.050000 -11.587038
-0.270000 0.230000 0.050000 -10.520929
-0.250000 0.230000 0.050000 -9.068526
-0.230000 0.230000 0.050000 -9.996984
-0.210000 0.230000 0.050000 -8.920555
-0.190000 0.230000 0.050000 -12.624063
-0.170000 0.230000 0.050000 -12.263942
-0.150000 0.230000 0.050000 -10.790050
-0.130000 0.230000 0.050000 -8.596115
-0.110000 0.230000 0.050000 -6.296315
-0.090000 0.230000 0.050000 -11.775642
-0.070000 0.230000 0.050000 -12.179222
-0.050000 0.230000 0.050000 -13.393606
-0.030000 0.230000 0.050000 -9.216825
-0.010000 0.230000 0.050000 -6.815200
0.010000 0.230000 0.050000 -9.051754
0.030000 0.230000 0.050000 -9.733917
0.050000 0.230000 0.050000 -10.537806
0.070000 0.230000 0.050000 -8.258091
0.090000 0.230000 0.050000 -11.213632
0.110000 0.230000 0.050000 -9.182078
0.130000 0.230000 0.050000 -8.067093
0.150000 0.230000 0.050000 -11.640488
0.170000 0.230000 0.050000 -11.108256
0.190000 0.230000 0.050000 -9.522874
0.210000 0.230000 0.050000 -9.036282
0.230000 0.230000 0.050000 -10.334091
0.250000 0.230000 0.050000 -9.125986
0.270000 0.230000 0.050000 -11.954679
0.290000 0.230000 0.050000 -10.252463
0.310000 0.230000 0.050000 -5.119640
0.330000 0.230000 0.050000 -7.934376
0.350000 0.230000 0.050000 -6.160341
0.370000 0.230000 0.050000 -6.460585
0.390000 0.230000 0.050000 -7.481630
0.410000 0.230000 0.050000 -7.707716
0.430000 0.230000 0.050000 -7.065440
0.450000 0.230000 0.050000 -4.050705
0.470000 0.230000 0.050000 -5.379120
0.490000 0.230000 0.050000 -3.001880
-0.490000 0.250000 0.050000 -3.665615
-0.470000 0.250000 0.050000 -1.722199
-0.450000 0.250000 0.050000 -1.587258
-0.430000 0.250000 0.050000 -8.302528
-0.410000 0.250000 0.050000 -6.796168
-0.390000 0.250000 0.050000 -4.060193
-0.370000 0.250000 0.050000 -8.998094
-0.350000 0.250000 0.050000 -5.313372
-0.330000 0.250000 0.050000 -4.769226
-0.310000 0.250000 0.050000 -6.010675
-0.290000 0.250000 0.050000 -7.437149
-0.270000 0.250000 0.050000 -5.788863
-0.250000 0.250000 0.050000 -6.161774
-0.230000 0.250000 0.050000 -7.741701
-0.210000 0.250000 0.050000 -8.765205
-0.190000 0.250000 0.050000 -7.875381
-0.170000 0.250000 0.050000 -13.022804
-0.150000 0.250000 0.050000 -9.266738
-0.130000 0.250000 0.050000 -8.362977
-0.110000 0.250000 0.050000 -5.495810
-0.090000 0.250000 0.050000 -10.893737
-0.070000 0.250000 0.050000 -10.327001
-0.050000 0.250000 0.050000 -10.934712
-0.030000 0.250000 0.050000 -11.702544
-0.010000 0.250000 0.050000 -10.139659
0.010000 0.250000 0.050000 -8.192408
0.030000 0.250000 0.050000 -5.063767
0.050000 0.250000 0.050000 -9.240925
0.070000 0.250000 0.050000 -6.118421
0.090000 0.250000 0.050000 -8.476664
0.110000 0.250000 0.050000 -10.882728
0.130000 0.250000 0.050000 -6.772323
0.150000 0.250000 0.050000 -8.969755
0.170000 0.250000 0.050000 -10.903344
0.190000 0.250000 0.050000 -5.555022
0.210000 0.250000 0.050000 -4.025605
0.230000 0.250000 0.050000 -8.011435
0.250000 0.250000 0.050000 -9.274498
0.270000 0.250000 0.050000 -8.452500
0.290000 0.250000 0.050000 -8.875516
0.310000 0.250000 0.050000 -6.350597
0.330000 0.250000 0.050000 -10.718290
0.350000 0.250000 0.050000 -7.875587
0.370000 0.250000 0.050000 -7.524648
0.390000 0.250000 0.050000 -5.665026
0.410000 0.250000 0.050000 -5.852637
0.430000 0.250000 0.050000 -7.054573
0.450000 0.250000 0.050000 -6.118336
0.470000 0.250000 0.050000 -2.688873
0.490000 0.250000 0.050000 -5.931829
-0.490000 0.270000 0.050000 -4.563411
-0.470000 0.270000 0.050000 -0.866952
-0.450000 0.270000 0.050000 -0.399065
-0.430000 0.270000 0.050000 -0.470623
-0.410000 0.270000 0.050000 -5.576681
-0.390000 0.270000 0.050000 -4.987519
-0.370000 0.270000 0.050000 -5.523917
-0.350000 0.270000 0.050000 -5.019954
-0.330000 0.270000 0.050000 -7.272646
-0.310000 0.270000 0.050000 -4.345929
-0.290000 0.270000 0.050000 -7.186069
-0.270000 0.270000 0.050000 -7.017797
-0.250000 0.270000 0.050000 -6.440193
-0.230000 0.270000 0.050000 -4.862970
-0.210000 0.270000 0.050000 -6.882746
-0.190000 0.270000 0.050000 -8.335856
-0.170000 0.270000 0.050000 -7.750663
-0.150000 0.270000 0.050000 -3.810658
-0.130000 0.270000 0.050000 -4.281020
-0.110000 0.270000 0.050000 -7.311936
-0.090000 0.270000 0.050000 -5.054915
-0.070000 0.270000 0.050000 -8.087484
-0.050000 0.270000 0.050000 -4.455136
-0.030000 0.270000 0.050000 -4.256212
-0.010000 0.270000 0.050000 -8.209639
0.010000 0.270000 0.050000 -8.183376
0.030000 0.270000 0.050000 -5.982781
0.050000 0.270000 0.050000 -9.101998
0.070000 0.270000 0.050000 -6.209096
0.090000 0.270000 0.050000 -9.591600
0.110000 0.270000 0.050000 -6.426200
0.130000 0.270000 0.050000 -4.984319
0.150000 0.270000 0.050000 -5.887473
0.170000 0.270000 0.050000 -6.591951
0.190000 0.270000 0.050000 -7.337834
0.210000 0.270000 0.050000 -8.947851
0.230000 0.270000 0.050000 -6.676094
0.250000 0.270000 0.050000 -3.540302
0.270000 0.270000 0.050000 -4.327290
0.290000 0.270000 0.050000 -6.774536
0.310000 0.270000 0.050000 -8.002670
0.330000 0.270000 0.050000 -9.565023
0.350000 0.270000 0.050000 -9.524142
0.370000 0.270000 0.050000 -5.363829
0.390000 0.270000 0.050000 -5.219581
0.410000 0.270000 0.050000 -5.173193
0.430000 0.270000 0.050000 -8.954489
0.450000 0.270000 0.050000 -4.270096
0.470000 0.270000 0.050000 -0.001315
0.490000 0.270000 0.050000 -1.926615
-0.490000 0.290000 0.050000 -4.132469
-0.470000 0.290000 0.050000 -2.801510
-0.450000 0.290000 0.050000 -2.680353
-0.430000 0.290000 0.050000 -6.717860
-0.410000 0.290000 0.050000 -5.008135
-0.390000 0.290000 0.050000 -3.995914
-0.370000 0.290000 0.050000 -4.440006
-0.350000 0.290000 0.050000 -4.652712
-0.330000 0.290000 0.050000 -2.631175
-0.310000 0.290000 0.050000 -5.506196
-0.290000 0.290000 0.050000 -4.845006
-0.270000 0.290000 0.050000 -3.163993
-0.250000 0.290000 0.050000 -4.494588
-0.230000 0.290000 0.050000 -5.572137
-0.210000 0.290000 0.050000 -7.472951
-0.190000 0.290000 0.050000 -9.915250
-0.170000 0.290000 0.050000 -4.611677
-0.150000 0.290000 0.050000 -6.887890
-0.130000 0.290000 0.050000 -7.413599
-0.110000 0.290000 0.050000 -8.819463
-0.090000 0.290000 0.050000 -7.066777
-0.070000 0.290000 0.050000 -7.212770
-0.050000 0.290000 0.050000 -7.471658
-0.030000 0.290000 0.050000 -7.253366
-0.010000 0.290000 0.050000 -9.224274
0.010000 0.290000 0.050000 -7.660363
0.030000 0.290000 0.050000 -2.715333
0.050000 0.290000 0.050000 -8.889112
0.070000 0.290000 0.050000 -5.164232
0.090000 0.290000 0.050000 -1.796398
0.110000 0.290000 0.050000 -3.364283
0.130000 0.290000 0.050000 -2.832002
0.150000 0.290000 0.050000 -4.409719
0.170000 0.290000 0.050000 -5.734086
0.190000 0.290000 0.050000 -6.642233
0.210000 0.290000 0.050000 -3.022433
0.230000 0.290000 0.050000 -3.217062
0.250000 0.290000 0.050000 0.356865
0.270000 0.290000 0.050000 -6.588002
0.290000 0.290000 0.050000 -5.434505
0.310000 0.290000 0.050000 -3.148548
0.330000 0.290000 0.050000 -5.471277
0.350000 0.290000 0.050000 -5.381168
0.370000 0.290000 0.050000 -3.141068
0.390000 0.290000 0.050000 -4.277056
0.410000 0.290000 0.050000 -4.084826
0.430000 0.290000 0.050000 -5.274037
0.450000 0.290000 0.050000 -7.714004
0.470000 0.290000 0.050000 -2.498690
0.490000 0.290000 0.050000 -2.157810
-0.490000 0.310000 0.050000 -4.336296
-0.470000 0.310000 0.050000 -2.551467
-0.450000 0.310000 0.050000 -0.355217
-0.430000 0.310000 0.050000 -4.732996
-0.410000 0.310000 0.050000 -1.121343
-0.390000 0.310000 0.050000 -2.105966
-0.370000 0.310000 0.050000 -3.911642
-0.350000 0.310000 0.050000 -3.273555
-0.330000 0.310000 0.050000 -3.206576
-0.310000 0.310000 0.050000 -5.603943
-0.290000 0.310000 0.050000 -5.433955
-0.270000 0.310000 0.050000 -2.190092
-0.250000 0.310000 0.050000 -4.145355
-0.230000 0.310000 0.050000 -6.909649
-0.210000 0.310000 0.050000 -7.103128
-0.190000 0.310000 0.050000 -6.514529
-0.170000 0.310000 0.050000 -4.776022
-0.150000 0.310000 0.050000 -1.883809
-0.130000 0.310000 0.050000 -5.449401
-0.110000 0.310000 0.050000 -3.761658
-0.090000 0.310000 0.050000 -2.975672
-0.070000 0.310000 0.050000 -1.806609
-0.050000 0.310000 0.050000 -5.058551
-0.030000 0.310000 0.050000 -8.918691
-0.010000 0.310000 0.050000 -6.727903
0.010000 0.310000 0.050000 -7.080979
0.030000 0.310000 0.050000 -8.010106
0.050000 0.310000 0.050000 -7.351408
0.070000 0.310000 0.050000 -4.460862
0.090000 0.310000 0.050000 -6.200700
0.110000 0.310000 0.050000 -4.352279
0.130000 0.310000 0.050000 -7.492437
0.150000 0.310000 0.050000 -4.443977
0.170000 0.310000 0.050000 -5.706619
0.190000 0.310000 0.050000 -3.461619
0.210000 0.310000 0.050000 -8.381965
0.230000 0.310000 0.050000 -6.638412
0.250000 0.310000 0.050000 -3.389095
0.270000 0.310000 0.050000 -4.607295
0.290000 0.310000 0.050000 -2.441865
0.310000 0.310000 0.050000 -3.059496
0.330000 0.310000 0.050000 -2.020686
0.350000 0.310000 0.050000 -3.172369
0.370000 0.310000 0.050000 1.513147
0.390000 0.310000 0.050000 -2.107591
0.410000 0.310000 0.050000 -4.229650
0.430000 0.310000 0.050000 -3.586452
0.450000 0.310000 0.050000 0.227480
0.470000 0.310000 0.050000 -1.240323
0.490000 0.310000 0.050000 -3.933627
-0.490000 0.330000 0.050000 -2.645474
-0.470000 0.330000 0.050000 -2.603358
-0.450000 0.330000 0.050000 -6.375354
-0.430000 0.330000 0.050000 0.264111
-0.410000 0.330000 0.050000 -5.782312
-0.390000 0.330000 0.050000 -4.074042
-0.370000 0.330000 0.050000 -2.649672
-0.350000 0.330000 0.050000 -3.110380
-0.330000 0.330000 0.050000 -3.056345
-0.310000 0.330000 0.050000 -4.689082
-0.290000 0.330000 0.050000 -1.894538
-0.270000 0.330000 0.050000 -5.558057
-0.250000 0.330000 0.050000 -4.504108
-0.230000 0.330000 0.050000 -2.480446
-0.210000 0.330000 0.050000 -3.629438
-0.190000 0.330000 0.050000 -1.502220
-0.170000 0.330000 0.050000 -1.055580
-0.150000 0.330000 0.050000 -4.274620
-0.130000 0.330000 0.050000 -3.819522
-0.110000 0.330000 0.050000 -5.270526
-0.090000 0.330000 0.050000 -3.235300
-0.070000 0.330000 0.050000 -9.180135
-0.050000 0.330000 0.050000 -3.063440
-0.030000 0.330000 0.050000 -1.085374
-0.010000 0.330000 0.050000 -6.786346
0.010000 0.330000 0.050000 -4.778322
0.030000 0.330000 0.050000 -0.992106
0.050000 0.330000 0.050000 -1.960026
0.070000 0.330000 0.050000 -7.519795
0.090000 0.330000 0.050000 -4.025580
0.110000 0.330000 0.050000 -5.376393
0.130000 0.330000 0.050000 -1.902830
0.150000 0.330000 0.050000 -4.027652
0.170000 0.330000 0.050000 -5.916568
0.190000 0.330000 0.050000 -5.321023
0.210000 0.330000 0.050000 -4.866790
0.230000 0.330000 0.050000 -2.536298
0.250000 0.330000 0.050000 -3.947294
0.270000 0.330000 0.050000 -5.695210
0.290000 0.330000 0.050000 -6.293082
0.310000 0.330000 0.050000 -4.582144
0.330000 0.330000 0.050000 -3.002709
0.350000 0.330000 0.050000 -4.466429
0.370000 0.330000 0.050000 -4.252065
0.390000 0.330000 0.050000 -2.398852
0.410000 0.330000 0.050000 -3.015269
0.430000 0.330000 0.050000 -4.294406
0.450000 0.330000 0.050000 -3.449151
0.470000 0.330000 0.050000 -1.777854
0.490000 0.330000 0.050000 -2.347969
-0.490000 0.350000 0.050000 -2.624436
-0.470000 0.350000 0.050000 -2.312210
-0.450000 0.350000 0.050000 0.733985
-0.430000 0.350000 0.050000 -6.004511
-0.410000 0.350000 0.050000 -0.216170
-0.390000 0.350000 0.050000 -4.629911
-0.370000 0.350000 0.050000 -0.375094
-0.350000 0.350000 0.050000 -2.513424
-0.330000 0.350000 0.050000 -4.443080
-0.310000 0.350000 0.050000 -1.265094
-0.290000 0.350000 0.050000 -6.249448
-0.270000 0.350000 0.050000 -3.369973
-0.250000 0.350000 0.050000 1.943643
-0.230000 0.350000 0.050000 -0.319699
-0.210000 0.350000 0.050000 -5.255528
-0.190000 0.350000 0.050000 -5.473195
-0.170000 0.350000 0.050000 -2.083486
-0.150000 0.350000 0.050000 -2.740638
-0.130000 0.350000 0.050000 -3.975466
-0.110000 0.350000 0.050000 -0.957031
-0.090000 0.350000 0.050000 -3.054346
-0.070000 0.350000 0.050000 -4.817384
-0.050000 0.350000 0.050000 -4.670189
-0.030000 0.350000 0.050000 -1.419580
-0.010000 0.350000 0.050000 -6.709940
0.010000 0.350000 0.050000 -6.408107
0.030000 0.350000 0.050000 -5.551994
0.050000 0.350000 0.050000 -1.383542
0.070000 0.350000 0.050000 -3.721296
0.090000 0.350000 0.050000 -6.937506
0.110000 0.350000 0.050000 -2.166318
0.130000 0.350000 0.050000 -2.871433
0.150000 0.350000 0.050000 -3.474869
0.170000 0.350000 0.050000 -4.058824
0.190000 0.350000 0.050000 -3.855791
0.210000 0.350000 0.050000 -3.832543
0.230000 0.350000 0.050000 0.226557
0.250000 0.350000 0.050000 -6.882492
0.270000 0.350000 0.050000 -3.165798
0.290000 0.350000 0.050000 -6.519026
0.310000 0.350000 0.050000 -2.180924
0.330000 0.350000 0.050000 -0.705427
0.350000 0.350000 0.050000 -3.920174
0.370000 0.350000 0.050000 -1.135217
0.390000 0.350000 0.050000 0.368250
0.410000 0.350000 0.050000 -2.012353
0.430000 0.350000 0.050000 -3.166594
0.450000 0.350000 0.050000 -0.956504
0.470000 0.350000 0.050000 -5.634345
0.490000 0.350000 0.050000 -1.959451
-0.490000 0.370000 0.050000 -0.938678
-0.470000 0.370000 0.050000 -2.707965
-0.450000 0.370000 0.050000 0.171938
-0.430000 0.370000 0.050000 -3.093174
-0.410000 0.370000 0.050000 -0.764072
-0.390000 0.370000 0.050000 -1.653058
-0.370000 0.370000 0.050000 -2.123245
-0.350000 0.370000 0.050000 -1.146856
-0.330000 0.370000 0.050000 -4.251703
-0.310000 0.370000 0.050000 -5.056357
-0.290000 0.370000 0.050000 -6.345082
-0.270000 0.370000 0.050000 -3.201694
-0.250000 0.370000 0.050000 -1.503016
-0.230000 0.370000 0.050000 -0.894952
-0.210000 0.370000 0.050000 -3.098388
-0.190000 0.370000 0.050000 -6.610026
-0.170000 0.370000 0.050000 -5.779779
-0.150000 0.370000 0.050000 -5.303364
-0.130000 0.370000 0.050000 -2.451767
-0.110000 0.370000 0.050000 -4.751434
-0.090000 0.370000 0.050000 -6.049360
-0.070000 0.370000 0.050000 -5.423496
-0.050000 0.370000 0.050000 -4.350299
-0.030000 0.370000 0.050000 -5.313832
-0.010000 0.370000 0.050000 -6.392057
0.010000 0.370000 0.050000 -2.409257
0.030000 0.370000 0.050000 -5.494625
0.050000 0.370000 0.050000 -2.020057
0.070000 0.370000 0.050000 -3.295424
0.090000 0.370000 0.050000 -4.781908
0.110000 0.370000 0.050000 -1.438876
0.130000 0.370000 0.050000 -6.472764
0.150000 0.370000 0.050000 -1.288594
0.170000 0.370000 0.050000 -1.512864
0.190000 0.370000 0.050000 -4.385760
0.210000 0.370000 0.050000 -4.313734
0.230000 0.370000 0.050000 -4.858644
0.250000 0.370000 0.050000 -3.865028
0.270000 0.370000 0.050000 -2.312712
0.290000 0.370000 0.050000 -2.245741
0.310000 0.370000 0.050000 -2.155888
0.330000 0.370000 0.050000 -5.492982
0.350000 0.370000 0.050000 -4.985196
0.370000 0.370000 0.050000 -1.986628
0.390000 0.370000 0.050000 0.313657
0.410000 0.370000 0.050000 -7.765240
0.430000 0.370000 0.050000 -1.442944
0.450000 0.370000 0.050000 0.848882
0.470000 0.370000 0.050000 -2.283600
0.490000 0.370000 0.050000 -4.047251
-0.490000 0.390000 0.050000 -3.783269
-0.470000 0.390000 0.050000 1.870163
-0.450000 0.390000 0.050000 -3.021675
-0.430000 0.390000 0.050000 -2.618398
-0.410000 0.390000 0.050000 -6.982481
-0.390000 0.390000 0.050000 -3.226771
-0.370000 0.390000 0.050000 -4.545009
-0.350000 0.390000 0.050000 -0.235943
-0.330000 0.390000 0.050000 -2.052777
-0.310000 0.390000 0.050000 -4.264955
-0.290000 0.390000 0.050000 -1.074198
-0.270000 0.390000 0.050000 -5.354739
-0.250000 0.390000 0.050000 -3.970044
-0.230000 0.390000 0.050000 -1.287099
-0.210000 0.390000 0.050000 1.913958
-0.190000 0.390000 0.050000 -3.521800
-0.170000 0.390000 0.050000 -6.208893
-0.150000 0.390000 0.050000 -3.589492
-0.130000 0.390000 0.050000 -2.002835
-0.110000 0.390000 0.050000 -5.029253
-0.090000 0.390000 0.050000 -1.192813
-0.070000 0.390000 0.050000 -3.290217
-0.050000 0.390000 0.050000 -1.882738
-0.030000 0.390000 0.050000 -0.539515
-0.010000 0.390000 0.050000 -1.368218
0.010000 0.390000 0.050000 -3.757129
0.030000 0.390000 0.050000 -5.763797
0.050000 0.390000 0.050000 -2.753316
0.070000 0.390000 0.050000 -2.488615
0.090000 0.390000 0.050000 -0.409876
0.110000 0.390000 0.050000 -0.044476
0.130000 0.390000 0.050000 -4.251408
0.150000 0.390000 0.050000 -3.619297
0.170000 0.390000 0.050000 -4.772245
0.190000 0.390000 0.050000 -3.290029
0.210000 0.390000 0.050000 -5.409084
0.230000 0.390000 0.050000 -2.902142
0.250000 0.390000 0.050000 -1.806452
0.270000 0.390000 0.050000 -3.198943
0.290000 0.390000 0.050000 -3.329092
0.310000 0.390000 0.050000 -1.555057
0.330000 0.390000 0.050000 -2.190355
0.350000 0.390000 0.050000 -2.266583
0.370000 0.390000 0.050000 -2.855238
0.390000 0.390000 0.050000 -2.366263
0.410000 0.390000 0.050000 -1.657058
0.430000 0.390000 0.050000 -1.653824
0.450000 0.390000 0.050000 -5.259550
0.470000 0.390000 0.050000 -2.653258
0.490000 0.390000 0.050000 -1.769111
-0.490000 0.410000 0.050000 -0.328488
-0.470000 0.410000 0.050000 0.843067
-0.450000 0.410000 0.050000 -2.306445
-0.430000 0.410000 0.050000 -2.884695
-0.410000 0.410000 0.050000 0.076082
-0.390000 0.410000 0.050000 -2.242496
-0.370000 0.410000 0.050000 -4.486093
-0.350000 0.410000 0.050000 -4.793140
-0.330000 0.410000 0.050000 1.895869
-0.310000 0.410000 0.050000 -1.552859
-0.290000 0.410000 0.050000 -2.887717
-0.270000 0.410000 0.050000 -4.032095
-0.250000 0.410000 0.050000 -0.718303
-0.230000 0.410000 0.050000 -2.916077
-0.210000 0.410000 0.050000 -4.872101
-0.190000 0.410000 0.050000 -2.306825
-0.170000 0.410000 0.050000 -0.309634
-0.150000 0.410000 0.050000 -2.818997
-0.130000 0.410000 0.050000 -2.957791
-0.110000 0.410000 0.050000 1.605322
-0.090000 0.410000 0.050000 0.083816
-0.070000 0.410000 0.050000 -2.089162
-0.050000 0.410000 0.050000 -3.364692
-0.030000 0.410000 0.050000 -4.083041
-0.010000 0.410000 0.050000 -3.409588
0.010000 0.410000 0.050000 -0.242550
0.030000 0.410000 0.050000 -1.696809
0.050000 0.410000 0.050000 -1.104330
0.070000 0.410000 0.050000 -4.710809
0.090000 0.410000 0.050000 -2.992106
0.110000 0.410000 0.050000 -3.317296
0.130000 0.410000 0.050000 -3.879912
0.150000 0.410000 0.050000 -2.694885
0.170000 0.410000 0.050000 -4.673683
0.190000 0.410000 0.050000 -0.403460
0.210000 0.410000 0.050000 -1.939876
0.230000 0.410000 0.050000 0.574863
0.250000 0.410000 0.050000 -3.468115
0.270000 0.410000 0.050000 -3.107624
0.290000 0.410000 0.050000 -1.387074
0.310000 0.410000 0.050000 -2.890449
0.330000 0.410000 0.050000 -3.287674
0.350000 0.410000 0.050000 -4.950835
0.370000 0.410000 0.050000 -1.593116
0.390000 0.410000 0.050000 -1.681758
0.410000 0.410000 0.050000 -1.503341
0.430000 0.410000 0.050000 -1.679663
0.450000 0.410000 0.050000 0.467661
0.470000 0.410000 0.050000 -0.864539
0.490000 0.410000 0.050000 0.974256
-0.490000 0.430000 0.050000 -1.901397
-0.470000 0.430000 0.050000 1.474093
-0.450000 0.430000 0.050000 -2.677205
-0.430000 0.430000 0.050000 -3.986792
-0.410000 0.430000 0.050000 -3.691172
-0.390000 0.430000 0.050000 -0.495208
-0.370000 0.430000 0.050000 -3.510376
-0.350000 0.430000 0.050000 -3.835798
-0.330000 0.430000 0.050000 -2.597191
-0.310000 0.430000 0.050000 -2.409612
-0.290000 0.430000 0.050000 -5.292090
-0.270000 0.430000 0.050000 -1.725382
-0.250000 0.430000 0.050000 -1.631677
-0.230000 0.430000 0.050000 -0.784791
-0.210000 0.430000 0.050000 -3.976590
-0.190000 0.430000 0.050000 -2.549291
-0.170000 0.430000 0.050000 0.065768
-0.150000 0.430000 0.050000 -1.778976
-0.130000 0.430000 0.050000 -1.923271
-0.110000 0.430000 0.050000 -2.817092
-0.090000 0.430000 0.050000 -2.009528
-0.070000 0.430000 0.050000 -3.633478
-0.050000 0.430000 0.050000 -2.831582
-0.030000 0.430000 0.050000 -3.422877
-0.010000 0.430000 0.050000 2.928166
0.010000 0.430000 0.050000 -2.433692
0.030000 0.430000 0.050000 -2.898480
0.050000 0.430000 0.050000 -1.557972
0.070000 0.430000 0.050000 -1.813264
0.090000 0.430000 0.050000 -3.256210
0.110000 0.430000 0.050000 -2.701032
0.130000 0.430000 0.050000 -5.096803
0.150000 0.430000 0.050000 0.356423
0.170000 0.430000 0.050000 -2.947709
0.190000 0.430000 0.050000 -2.728264
0.210000 0.430000 0.050000 -4.698415
0.230000 0.430000 0.050000 -1.816782
0.250000 0.430000 0.050000 -2.381683
0.270000 0.430000 0.050000 -4.925604
0.290000 0.430000 0.050000 -2.277391
0.310000 0.430000 0.050000 -2.745136
0.330000 0.430000 0.050000 -4.355226
0.350000 0.430000 0.050000 0.271439
0.370000 0.430000 0.050000 -1.893105
0.390000 0.430000 0.050000 0.164083
0.410000 0.430000 0.050000 -2.549896
0.430000 0.430000 0.050000 1.286484
0.450000 0.430000 0.050000 -0.201942
0.470000 0.430000 0.050000 -2.245848
0.490000 0.430000 0.050000 -1.630020
-0.490000 0.450000 0.050000 -3.270265
-0.470000 0.450000 0.050000 0.426361
-0.450000 0.450000 0.050000 -3.889511
-0.430000 0.450000 0.050000 2.221608
-0.410000 0.450000 0.050000 -3.185007
-0.390000 0.450000 0.050000 0.865879
-0.370000 0.450000 0.050000 -1.644089
-0.350000 0.450000 0.050000 -1.547637
-0.330000 0.450000 0.050000 -0.577256
-0.310000 0.450000 0.050000 -4.578139
-0.290000 0.450000 0.050000 -0.746941
-0.270000 0.450000 0.050000 -2.983405
-0.250000 0.450000 0.050000 -3.993355
-0.230000 0.450000 0.050000 -2.119753
-0.210000 0.450000 0.050000 -0.642948
-0.190000 0.450000 0.050000 -5.049933
-0.170000 0.450000 0.050000 -7.254845
-0.150000 0.450000 0.050000 -4.004987
-0.130000 0.450000 0.050000 -1.596289
-0.110000 0.450000 0.050000 -2.385878
-0.090000 0.450000 0.050000 -3.909625
-0.070000 0.450000 0.050000 -1.439564
-0.050000 0.450000 0.050000 -4.929310
-0.030000 0.450000 0.050000 -4.356114
-0.010000 0.450000 0.050000 1.235235
0.010000 0.450000 0.050000 -3.122203
0.030000 0.450000 0.050000 1.057453
0.050000 0.450000 0.050000 -1.222997
0.070000 0.450000 0.050000 -1.548159
0.090000 0.450000 0.050000 -1.609041
0.110000 0.450000 0.050000 -2.883015
0.130000 0.450000 0.050000 -4.171805
0.150000 0.450000 0.050000 -3.356296
0.170000 0.450000 0.050000 -2.300069
0.190000 0.450000 0.050000 -0.101920
0.210000 0.450000 0.050000 -5.302816
0.230000 0.450000 0.050000 -0.107420
0.250000 0.450000 0.050000 -2.304156
0.270000 0.450000 0.050000 -4.373720
0.290000 0.450000 0.050000 -1.694914
0.310000 0.450000 0.050000 -6.382726
0.330000 0.450000 0.050000 0.490551
0.350000 0.450000 0.050000 -5.774148
0.370000 0.450000 0.050000 -3.782486
0.390000 0.450000 0.050000 -1.227209
0.410000 0.450000 0.050000 -1.215570
0.430000 0.450000 0.050000 -1.136900
0.450000 0.450000 0.050000 -1.431396
0.470000 0.450000 0.050000 -2.426889
0.490000 0.450000 0.050000 -1.293508
-0.490000 0.470000 0.050000 0.512154
-0.470000 0.470000 0.050000 -0.600322
-0.450000 0.470000 0.050000 0.115842
-0.430000 0.470000 0.050000 -1.257749
-0.410000 0.470000 0.050000 -3.848747
-0.390000 0.470000 0.050000 -2.284404
-0.370000 0.470000 0.050000 -6.162717
-0.350000 0.470000 0.050000 -1.894138
-0.330000 0.470000 0.050000 -1.869621
-0.310000 0.470000 0.050000 -1.337464
-0.290000 0.470000 0.050000 -6.081082
-0.270000 0.470000 0.050000 -1.945657
-0.250000 0.470000 0.050000 -0.448246
-0.230000 0.470000 0.050000 -1.876398
-0.210000 0.470000 0.050000 -2.125607
-0.190000 0.470000 0.050000 -3.079649
-0.170000 0.470000 0.050000 -1.521382
-0.150000 0.470000 0.050000 -1.004283
-0.130000 0.470000 0.050000 -4.199717
-0.110000 0.470000 0.050000 -2.426752
-0.090000 0.470000 0.050000 -2.792502
-0.070000 0.470000 0.050000 -3.377874
-0.050000 0.470000 0.050000 -4.139217
-0.030000 0.470000 0.050000 -2.379834
-0.010000 0.470000 0.050000 -0.530234
0.010000 0.470000 0.050000 -2.661350
0.030000 0.470000 0.050000 -2.315793
0.050000 0.470000 0.050000 0.763196
0.070000 0.470000 0.050000 0.401646
0.090000 0.470000 0.050000 -1.872191
0.110000 0.470000 0.050000 -0.568402
0.130000 0.470000 0.050000 -0.540405
0.150000 0.470000 0.050000 -2.042773
0.170000 0.470000 0.050000 0.241266
0.190000 0.470000 0.050000 3.897151
0.210000 0.470000 0.050000 -1.958470
0.230000 0.470000 0.050000 -1.055493
0.250000 0.470000 0.050000 -4.763871
0.270000 0.470000 0.050000 -2.016790
0.290000 0.470000 0.050000 -5.723199
0.310000 0.470000 0.050000 -2.492408
0.330000 0.470000 0.050000 -0.222174
0.350000 0.470000 0.050000 -1.418814
0.370000 0.470000 0.050000 -2.486384
0.390000 0.470000 0.050000 -2.137956
0.410000 0.470000 0.050000 -1.715799
0.430000 0.470000 0.050000 -3.694189
0.450000 0.470000 0.050000 -0.221568
0.470000 0.470000 0.050000 -0.876256
0.490000 0.470000 0.050000 -1.647652
-0.490000 0.490000 0.050000 3.147286
-0.470000 0.490000 0.050000 3.036383
-0.450000 0.490000 0.050000 -2.844868
-0.430000 0.490000 0.050000 -0.223557
-0.410000 0.490000 0.050000 -6.632670
-0.390000 0.490000 0.050000 -1.191632
-0.370000 0.490000 0.050000 -2.334254
-0.350000 0.490000 0.050000 -2.090763
-0.330000 0.490000 0.050000 -0.501562
-0.310000 0.490000 0.050000 -2.794943
-0.290000 0.490000 0.050000 -0.679652
-0.270000 0.490000 0.050000 -2.908859
-0.250000 0.490000 0.050000 0.967527
-0.230000 0.490000 0.050000 -1.087370
-0.210000 0.490000 0.050000 -1.087671
-0.190000 0.490000 0.050000 -5.327445
-0.170000 0.490000 0.050000 -3.297588
-0.150000 0.490000 0.050000 -2.712208
-0.130000 0.490000 0.050000 2.335693
-0.110000 0.490000 0.050000 2.291560
-0.090000 0.490000 0.050000 2.418055
-0.070000 0.490000 0.050000 -2.080276
-0.050000 0.490000 0.050000 -2.411332
-0.030000 0.490000 0.050000 -2.362306
-0.010000 0.490000 0.050000 -1.324102
0.010000 0.490000 0.050000 1.936609
0.030000 0.490000 0.050000 1.112240
0.050000 0.490000 0.050000 -3.551148
0.070000 0.490000 0.050000 -2.336735
0.090000 0.490000 0.050000 -2.539497
0.110000 0.490000 0.050000 -8.372883
0.130000 0.490000 0.050000 -3.975907
0.150000 0.490000 0.050000 2.493486
0.170000 0.490000 0.050000 -2.620399
0.190000 0.490000 0.050000 -2.717069
0.210000 0.490000 0.050000 -2.101167
0.230000 0.490000 0.050000 -0.357849
0.250000 0.490000 0.050000 0.050298
0.270000 0.490000 0.050000 -0.150694
0.290000 0.490000 0.050000 -2.562684
0.310000 0.490000 0.050000 -2.364451
0.330000 0.490000 0.050000 -2.476515
0.350000 0.490000 0.050000 -0.883889
0.370000 0.490000 0.050000 -3.425375
0.390000 0.490000 0.050000 -3.146914
0.410000 0.490000 0.050000 -4.101509
0.430000 0.490000 0.050000 -1.483322
0.450000 0.490000 0.050000 -1.902856
0.470000 0.490000 0.050000 1.663619
0.490000 0.490000 0.050000 -2.992193
